75
 0 35 61 93 91 97  5  9 93 56 53 11  8 73 98  4 34 10 76 72 44 19 43 44 97  1 21 83 40 91 34 29 27 27 56 95 87 55 21 52 52 94 92 40 88 55 17  9 54 84 48 98 55 25 49 55  5  8 76 43 87 54 98 63 94 25 33 94 72 60 33 75 11 71 19 
35  0 31 55 88 53 83 13 95 80 61 51 11 24 88 51 17 67 15 81 39 34 90 34 63 36 98  7 63 39 94 49 41 95 69 43 43 89 95 69 80 59 33  2 34 71 62 69 96 41 35 27 47 100 46 29  4 71 11  2 89 75 28  3 37  4  4 59 64 20 65 12 39 77 35 
61 31  0 99 12 97 92 84  4 83 51 67 45 72 71 50 59 68 20 36 27 40 32 11 50 60  3  3 38 93 77 70 66 80 38 59  5 19 31 28 10 86 57 75 76 70 80 18 21 65 63 83  3  9  2 62 54 73 58 37 28 46 71 19 10 11 80 39 56 47 30 20 86 82 94 
93 55 99  0 95 47 80 72 46 87 74 94 96 85 39 24 80  8 73 26 88 35 96 33 38 42  1 13 33  9 77 80 35 16 82 98 13  8  1 10 79 70 66 60 69 51 94 64 80 87 95 67  5 25 43 50 98 35 18 47 92 11 57 15 80 99 10  2 36 94 61 99  5 79 46 
91 88 12 95  0  9 57 60 98 73  5 45 40 80 27 29 19 25 39  5 67 95 89 82 62 36  8 93 35 81 32  2 83 65 65 51 25 46 59 60 75 98 29 94 57 83 99 67 34 59 98 85 72 41 67 16 65 66 23 86 80 44 41 58 37 52 25 62 95 92 94 82 100 77 40 
97 53 97 47  9  0 88 64 57 82 68  3 26 24 46  1 99 97 94 54 53 74 73 93 17 12 84 60 66 14 74 35 31  1 73 34 71 44  5 48 21 39  1 38 16 54  9 38 22 44 19 85 58 15 33 22 51 60 34 59 89 79 28 76  6 12 61 36 79 58 58 13 73 27 21 
 5 83 92 80 57 88  0 33 46 96 85 79 95 19 90 62 57 67 19 14 71 22 89 28 78 15 86 57 68 43 25 40 31 56 51 28 11 24 95 16 20 68 93 89 22 75 29 73 66 30 26  6 44 28 95 25  1 97 63 26  2  5 22 86 76 44 38 64  1 93  8 16 92 88 23 
 9 13 84 72 60 64 33  0 19  7 18  7 47 80 65 64 94 67 58 89 68  7  9 45 41 12  7  7 15 18 98 85 30 92 64  7 19 89 72 20 86 46 88 62 88 65 77 88 18 89 80 55 32 32 16  8 89 22 13 59 20 12 60 67 86 48 30 33  6 33 48 82 55 28 44 
93 95  4 46 98 57 46 19  0 28 99 28 79 15  9 56 50 69 19 96 11 33 43 57 67 64 82 61 22 84 17 83 27 27 85 46 68 18 96 18 60 76 41 39 60 55 25 97 56 46 50 41 25 86 22 97 68 89 46 28 20 82 37 85 16 10 17 59 34 62 95 44  4 79 52 
56 80 83 87 73 82 96  7 28  0 93 96 89 77 36 32 37 14  3 13 76 96 84 66 40 61 57 60  3 92 14 83 95 18 73 99 29 80 55 36 55 95 51  8  7 40 90 57 64 85 90 31 99 95 25 97 53 75 18 25 99  1 41 51 74 25  8 94 56 21 52 100 57 80 49 
53 61 51 74  5 68 85 18 99 93  0 69 98 32 19 69 22 94 50 84 57 64 28 45  6 90 33  9 47 28 31 60 75 11 27 54 70 21 27 22 42 17 31 86 92 73 56 21 17 25 11 45 14 20  2 34 65 19 96 79 15 25 73 14 70 53 61 85 48 11 11 85 28 69 31 
11 51 67 94 45  3 79  7 28 96 69  0 28 32 14 83 94 44  9 22  5 20 25 93 80 25 83 36 69 83 68 43  2 84 78 62 85 55  7 25 94 36 45 57 99  8 79 86 37 53 88 19 58 76 62 59 25 66 60 28 76 57 78 70 41 85 13 86 86 53 35 31 16 92 37 
 8 11 45 96 40 26 95 47 79 89 98 28  0 87 86  5 70 40 55 56 93 25 46 45 51 89 77 66 37 53  6 51 54 14 85 36 27 49  7 24 78 70 94 48 16 38 93 69 23 66 17 53 99 57 45 29 34 74  9 95 13 63 29 36 98 15 65 62 39 96 64 52 87  3 33 
73 24 72 85 80 24 19 80 15 77 32 32 87  0 90 55 52 77 96 61 31  6 60 41 95 41 77 54 40 27 66 86  6 16 17 21 90 77 48 68 26 40 81  9 23  4 32 87 53 79 74 22 87 73 79 64 52 54  5 95 13 22 72 27 73  1 64 74 97 29 60 19 76 50 12 
98 88 71 39 27 46 90 65  9 36 19 14 86 90  0 75  8 66 15 53 11 26 15 23 52 31 35 26 66 46 52 26 11 30 65 80 100 49 63  4 61 92 38 96 22 99 84 45 55 38  2 50 40  7 98 19 100 16 25 20 19 16 77 97 67 19  9 100 29 41 47 26 100  8 69 
 4 51 50 24 29  1 62 64 56 32 69 83  5 55 75  0 63 93 98 18  3 65  9 72 16 65 44 99 67 100 44 51 32 63 42 78 98 92 32 39 70 70  6 20 82 33 11 36 49 84 60 76  4 15 63 32 79 42 28 37 58 45 49 99 90 55 76 96 77 69 77 52 64 34 65 
34 17 59 80 19 99 57 94 50 37 22 94 70 52  8 63  0 66 25 54 75 100 50 66 33 39 82 100 66 25 17 11 44 39 38 76 47 98 55 51 79 15 84 60 82 91 55 69 42 17 84 13 72 94 80 83 86 16 67 30 82 61 13 11 54 14 31 37 94 25 38 86 69 64 67 
10 67 68  8 25 97 67 67 69 14 94 44 40 77 66 93 66  0 75 60 59 55 53 92 22 24 67 55 37 68 94 62 81  5 94 75  9 61 68 88 87 78 90 28 15 86 76 79 57 64  6 69 63 59 58 40 21 79 96 84 99  8 93 62 43 63 63 69 71  1 68 43 57 44 84 
76 15 20 73 39 94 19 58 19  3 50  9 55 96 15 98 25 75  0 13 83 76 46 38 46 94 91 17 95 71 92 51 90 17 63 16 66 29 90 73 24 80 49 46 39 38 37 50 98 58 56 73 12 91 12 16 56 77 53 14 11 86 38 38 39 37 95 41 70 59 86 76 67 27  5 
72 81 36 26  5 54 14 89 96 13 84 22 56 61 53 18 54 60 13  0 21 98 68 86 56 69 56 63 83 37 25 99 57 10 73 49  6 18  2 63 76 46 97 85 45 18 100 92 21 83 77 31 68 24 80 26 99  6 41 14 11 18  9 99  2 54 90 86  2 43 68  1 37 45 85 
44 39 27 88 67 53 71 68 11 76 57  5 93 31 11  3 75 59 83 21  0 20 52  4  2 44 67 95 73 32 29 28 49 73 60 95 96 28 17 23 32 86 88 55 51 17 15 90 95 41 38 43  3 74 61 35 99 27 34 68 55 30 68 35 83  1 67 33 46 33 60 61 85 46  6 
19 34 40 35 95 74 22  7 33 96 64 20 25  6 26 65 100 55 76 98 20  0 66 92 91 42 16 30 46 98 48 70 88 99 22  5 84 87 33 53 85  6 80 93 26 42 68 47  4 48 47 35 10 20 45 25 95 31 54 67 76 84 88 21 70 74 66 47 48 97 31 19 53 84 22 
43 90 32 96 89 73 89  9 43 84 28 25 46 60 15  9 50 53 46 68 52 66  0 24 87 49 86  9 81  4 63 23 37 64 39 47 42 70 16 38 49 51 74 11  3 65 22  9 88 54  7 25 16 81 64 75 48 35 72 59 23 23  8 25 21 58 16 56 98 61 87  6  8 87 57 
44 34 11 33 82 93 28 45 57 66 45 93 45 41 23 72 66 92 38 86  4 92 24  0  3 77 15 86 68 87 82 44 31 43 89 97  6 100 89 98 41 54 81 47 81 59 68 27 12 36 76 20 32 79 67 90 43 66 99 62 71 22 65  9 17 79 22  6 68 22 38 11 74  6 21 
97 63 50 38 62 17 78 41 67 40  6 80 51 95 52 16 33 22 46 56  2 91 87  3  0 19 59 79 45 86 34 33  1  6 61 45 59 45 75 54 35 12 93 17 95  3 39 81 23 28 87 88 65 11 88 80 16 78 30  6 41  8 58 29  1 11 98 74 79 34 87  4 25 72 44 
 1 36 60 42 36 12 15 12 64 61 90 25 89 41 31 65 39 24 94 69 44 42 49 77 19  0  9 90 44  2 91 91 58 45  7 35 27 88 48 84 86 86 39 22 46 34 24 20 80  8 79  4 95 42 88 81 90 40 53 95 72 67 26 73 64 76  9 75 90 98 70  1 85 52 23 
21 98  3  1  8 84 86  7 82 57 33 83 77 77 35 44 82 67 91 56 67 16 86 15 59  9  0 22 71 79 15 82 74 27 84 14 67 31 79 59 52 89 80 15 99 45 94 79 73  3 33 15 69 27 51 97 39 81 36 53 85 72 49 79 74 56 90 33 20 42 10 40 86 54 74 
83  7  3 13 93 60 57  7 61 60  9 36 66 54 26 99 100 55 17 63 95 30  9 86 79 90 22  0 17 40 25 11 99 44 10 100 97 24 52 76  9 81  8 55 80 28  5 52  6 65 50 20 34 48 11 52 74 40 49 20 29 98 38 86 55 42 97 39 65 10 88 45 29 43 55 
40 63 38 33 35 66 68 15 22  3 47 69 37 40 66 67 66 37 95 83 73 46 81 68 45 44 71 17  0 75 19 10 14 55 89 60 67 96 16 85 30 10 57 91  9 14 23 62  5 94 66 87 47 10 95 13 34 92 35 79 95 100 78 57 44 49 62 79 71 73 49 81 78 74 49 
91 39 93  9 81 14 43 18 84 92 28 83 53 27 46 100 25 68 71 37 32 98  4 87 86  2 79 40 75  0 46 10 22 25  3 94  9 42 86 51 92 99 93 16 35 36 55 44 59 76 70 30 75 71  3 83 59 22 11 96 69 71 56 62 59 35 19 91 15 81 63 15 44 32 66 
34 94 77 77 32 74 25 98 17 14 31 68  6 66 52 44 17 94 92 25 29 48 63 82 34 91 15 25 19 46  0 86 46 89 89 66 23 22 72 13 28 70 95 21 16 15 42 77 12 94 97 49 16 97 89 57 24 75 62 79 22 81 87  2 45 11 100 44  3 18 84 45 34 75 88 
29 49 70 80  2 35 40 85 83 83 60 43 51 86 26 51 11 62 51 99 28 70 23 44 33 91 82 11 10 10 86  0 37  4 84 100 32 71 25 64 48 40 27 60 88 50 16 100 64 46 27 66 44 95 49 34 68 76 86 100 84 75 51 78 16 89 80 74 66 62  5 88 72 15 44 
27 41 66 35 83 31 31 30 27 95 75  2 54  6 11 32 44 81 90 57 49 88 37 31  1 58 74 99 14 22 46 37  0 71 29 92 52 11 63 28 87 17 15 42 21 99 54 64 72  8 21 78 48 99 45 24 15 79 15 75 50 69 80 60 88  1 40 69 91 77 95 92 95 47 27 
27 95 80 16 65  1 56 92 27 18 11 84 14 16 30 63 39  5 17 10 73 99 64 43  6 45 27 44 55 25 89  4 71  0 80  7 54 37 44 21 88 51 16 44 55 26 23 30 65 47 21 18 63 45 30  2 57 17 79 89 61 75 28 97 31 36 22 17 83  1 69 30 100 53 32 
56 69 38 82 65 73 51 64 85 73 27 78 85 17 65 42 38 94 63 73 60 22 39 89 61  7 84 10 89  3 89 84 29 80  0 38 42 78 78 78 22 57 45 90 10 65 10 99 73  2 93 68 28 99  9 87 62 21 98  4 33 83 73 37  4 98 48 50 96 33 44 62 55 64 73 
95 43 59 98 51 34 28  7 46 99 54 62 36 21 80 78 76 75 16 49 95  5 47 97 45 35 14 100 60 94 66 100 92  7 38  0 74 12 35 60 90 51 96 56 78 91 90 22 18 84 88 85 98 100  9 65 57 67 60 58 78 70 47 62 29 17  7 83 36 84 11  8 34 77 23 
87 43  5 13 25 71 11 19 68 29 70 85 27 90 100 98 47  9 66  6 96 84 42  6 59 27 67 97 67  9 23 32 52 54 42 74  0 31 78 69 93 53 16 98 85 26 45  8 83 53 76 71 89 91 10 32 85 37 46 30  3  5 48  8  7 27 80 100 13 25 37 68 92 48 78 
55 89 19  8 46 44 24 89 18 80 21 55 49 77 49 92 98 61 29 18 28 87 70 100 45 88 31 24 96 42 22 71 11 37 78 12 31  0 31 13 21 22 70 66 41 50 85 41 81  2 53 55  2  9 32 18 18 64 87 17 35 38 86 80 18  7 27 38 15 95 55 46 77 58 82 
21 95 31  1 59  5 95 72 96 55 27  7  7 48 63 32 55 68 90  2 17 33 16 89 75 48 79 52 16 86 72 25 63 44 78 35 78 31  0 47 52 23  5 11 55  9 83 84 57 86 67  4 61 60 92 48 64 63 63 55 39 97 11 53 35  9 40 98 33 19 15 80 59 19 53 
52 69 28 10 60 48 16 20 18 36 22 25 24 68  4 39 51 88 73 63 23 53 38 98 54 84 59 76 85 51 13 64 28 21 78 60 69 13 47  0 47 93 50 94 13 23 29 91 75 13 68 35 70 18 74 33 92 83 26 17 28 71 99 71 74 88 26 88 55 89 49 46 72 60 57 
52 80 10 79 75 21 20 86 60 55 42 94 78 26 61 70 79 87 24 76 32 85 49 41 35 86 52  9 30 92 28 48 87 88 22 90 93 21 52 47  0 60 84 47  6 38 63 66 17 98 18 21 23 50  4 70 39 51 18 48 86 69 81 23 45 44 68 91 72 53  9 23  3 59 29 
94 59 86 70 98 39 68 46 76 95 17 36 70 40 92 70 15 78 80 46 86  6 51 54 12 86 89 81 10 99 70 40 17 51 57 51 53 22 23 93 60  0 74 99 72 55 33 24 84 60  3 52 75 91 17 68  5  9 40 55 56 97  4  6 10 42 51 84 48 59 90 18 21 30 91 
92 33 57 66 29  1 93 88 41 51 31 45 94 81 38  6 84 90 49 97 88 80 74 81 93 39 80  8 57 93 95 27 15 16 45 96 16 70  5 50 84 74  0 37 21 68 35 58 97 82 35 56 43 87 67 74 14 82 22 85 69 86 61 23 34 29 56 58 80 97 30 74 99 46 28 
40  2 75 60 94 38 89 62 39  8 86 57 48  9 96 20 60 28 46 85 55 93 11 47 17 22 15 55 91 16 21 60 42 44 90 56 98 66 11 94 47 99 37  0 73 35 78 33 94 70 97 32 85 52 30  6 40 49 61  9 23 97 78  2 61 63 84 19 61 13 53 80 29 74 91 
88 34 76 69 57 16 22 88 60  7 92 99 16 23 22 82 82 15 39 45 51 26  3 81 95 46 99 80  9 35 16 88 21 55 10 78 85 41 55 13  6 72 21 73  0 66 98 32 68  1 68 68 33 67  3 64 85 26 58  3 16 96 66  8 47 54 94 57 16 75  9 90 63 84 23 
55 71 70 51 83 54 75 65 55 40 73  8 38  4 99 33 91 86 38 18 17 42 65 59  3 34 45 28 14 36 15 50 99 26 65 91 26 50  9 23 38 55 68 35 66  0 56 32 16 51  6  6 31 45 97  4 83 70 81 47 26 88 35  9 55 41 86 90 65 28 77 71 52  1 85 
17 62 80 94 99  9 29 77 25 90 56 79 93 32 84 11 55 76 37 100 15 68 22 68 39 24 94  5 23 55 42 16 54 23 10 90 45 85 83 29 63 33 35 78 98 56  0 78 73  8  1 93 94 71 22 35 35 42 53 50 87 33 87 94 11 94 47 54 96 46 28 94 95 35 68 
 9 69 18 64 67 38 73 88 97 57 21 86 69 87 45 36 69 79 50 92 90 47  9 27 81 20 79 52 62 44 77 100 64 30 99 22  8 41 84 91 66 24 58 33 32 32 78  0 76 49 68 62 95 73 28 51 15 66 80 29 23 99 29 43 95 30 50 22 77 58  3 74 50 72  1 
54 96 21 80 34 22 66 18 56 64 17 37 23 53 55 49 42 57 98 21 95  4 88 12 23 80 73  6  5 59 12 64 72 65 73 18 83 81 57 75 17 84 97 94 68 16 73 76  0 87 72 49 22 50 83  6 19 12 15 95 55 57 83 95 25 25 64 32 86 49 26 93 41 61 39 
84 41 65 87 59 44 30 89 46 85 25 53 66 79 38 84 17 64 58 83 41 48 54 36 28  8  3 65 94 76 94 46  8 47  2 84 53  2 86 13 98 60 82 70  1 51  8 49 87  0 27 34 94 38 34 55  9 64 99 83 62 99 76 41 80 46 25 70 56 46 12 24 77 12 68 
48 35 63 95 98 19 26 80 50 90 11 88 17 74  2 60 84  6 56 77 38 47  7 76 87 79 33 50 66 70 97 27 21 21 93 88 76 53 67 68 18  3 35 97 68  6  1 68 72 27  0  2 92 43 22 13  7 28 39 19 91 26 45 92 58 95 61 32 55 72  1 64 35 78 85 
98 27 83 67 85 85  6 55 41 31 45 19 53 22 50 76 13 69 73 31 43 35 25 20 88  4 15 20 87 30 49 66 78 18 68 85 71 55  4 35 21 52 56 32 68  6 93 62 49 34  2  0 11 79 90  7 47 46 87 79 47 10 85 58 63 16 71 29 38 47 81 52 46 33 74 
55 47  3  5 72 58 44 32 25 99 14 58 99 87 40  4 72 63 12 68  3 10 16 32 65 95 69 34 47 75 16 44 48 63 28 98 89  2 61 70 23 75 43 85 33 31 94 95 22 94 92 11  0 91 34 77 69 66 29  7 43 48 27 49 66 35 82 13 12 95 87 55 59 96 61 
25 100  9 25 41 15 28 32 86 95 20 76 57 73  7 15 94 59 91 24 74 20 81 79 11 42 27 48 10 71 97 95 99 45 99 100 91  9 60 18 50 91 87 52 67 45 71 73 50 38 43 79 91  0 18 48 62 77 10 32 35 31 77 39 16 48 58 60 74 99 100 39 77 73 37 
49 46  2 43 67 33 95 16 22 25  2 62 45 79 98 63 80 58 12 80 61 45 64 67 88 88 51 11 95  3 89 49 45 30  9  9 10 32 92 74  4 17 67 30  3 97 22 28 83 34 22 90 34 18  0 86 91 100 71 65 44 96 41 92 28 61 14  7 35 51  2 60 44 92 27 
55 29 62 50 16 22 25  8 97 97 34 59 29 64 19 32 83 40 16 26 35 25 75 90 80 81 97 52 13 83 57 34 24  2 87 65 32 18 48 33 70 68 74  6 64  4 35 51  6 55 13  7 77 48 86  0 21 13 59 94 75 33 14 18  4 77 78 18 46 92 40 81 11 78 39 
 5  4 54 98 65 51  1 89 68 53 65 25 34 52 100 79 86 21 56 99 99 95 48 43 16 90 39 74 34 59 24 68 15 57 62 57 85 18 64 92 39  5 14 40 85 83 35 15 19  9  7 47 69 62 91 21  0  5  3 88 61 59 93 42 52 24 15 87 53 33 13  7 12 50 80 
 8 71 73 35 66 60 97 22 89 75 19 66 74 54 16 42 16 79 77  6 27 31 35 66 78 40 81 40 92 22 75 76 79 17 21 67 37 64 63 83 51  9 82 49 26 70 42 66 12 64 28 46 66 77 100 13  5  0 39 43 28 17 92 85 36 70 71 60 61 32 55 45 18 59 60 
76 11 58 18 23 34 63 13 46 18 96 60  9  5 25 28 67 96 53 41 34 54 72 99 30 53 36 49 35 11 62 86 15 79 98 60 46 87 63 26 18 40 22 61 58 81 53 80 15 99 39 87 29 10 71 59  3 39  0 88 73 11 12 88 54 50 37 80 35 73  2  5 40 33 74 
43  2 37 47 86 59 26 59 28 25 79 28 95 95 20 37 30 84 14 14 68 67 59 62  6 95 53 20 79 96 79 100 75 89  4 58 30 17 55 17 48 55 85  9  3 47 50 29 95 83 19 79  7 32 65 94 88 43 88  0 60 61 62 42 95 50 22 40 81 75 45 58 97 91 68 
87 89 28 92 80 89  2 20 20 99 15 76 13 13 19 58 82 99 11 11 55 76 23 71 41 72 85 29 95 69 22 84 50 61 33 78  3 35 39 28 86 56 69 23 16 26 87 23 55 62 91 47 43 35 44 75 61 28 73 60  0 46 41 49 95 92  7 94 29 63 91 16  8 51 58 
54 75 46 11 44 79  5 12 82  1 25 57 63 22 16 45 61  8 86 18 30 84 23 22  8 67 72 98 100 71 81 75 69 75 83 70  5 38 97 71 69 97 86 97 96 88 33 99 57 99 26 10 48 31 96 33 59 17 11 61 46  0 53 27 14 80 23 66 88 36 63 66 48 28 40 
98 28 71 57 41 28 22 60 37 41 73 78 29 72 77 49 13 93 38  9 68 88  8 65 58 26 49 38 78 56 87 51 80 28 73 47 48 86 11 99 81  4 61 78 66 35 87 29 83 76 45 85 27 77 41 14 93 92 12 62 41 53  0 91 70 51 18 26 44 91 82 37 61 79 79 
63  3 19 15 58 76 86 67 85 51 14 70 36 27 97 99 11 62 38 99 35 21 25  9 29 73 79 86 57 62  2 78 60 97 37 62  8 80 53 71 23  6 23  2  8  9 94 43 95 41 92 58 49 39 92 18 42 85 88 42 49 27 91  0 48 69 30 27 18 92 52 13  1 65 85 
94 37 10 80 37  6 76 86 16 74 70 41 98 73 67 90 54 43 39  2 83 70 21 17  1 64 74 55 44 59 45 16 88 31  4 29  7 18 35 74 45 10 34 61 47 55 11 95 25 80 58 63 66 16 28  4 52 36 54 95 95 14 70 48  0 12 97 72 67 24 98 95 61 68 87 
25  4 11 99 52 12 44 48 10 25 53 85 15  1 19 55 14 63 37 54  1 74 58 79 11 76 56 42 49 35 11 89  1 36 98 17 27  7  9 88 44 42 29 63 54 41 94 30 25 46 95 16 35 48 61 77 24 70 50 50 92 80 51 69 12  0 92  1 18 55 57 26 86 16 80 
33  4 80 10 25 61 38 30 17  8 61 13 65 64  9 76 31 63 95 90 67 66 16 22 98  9 90 97 62 19 100 80 40 22 48  7 80 27 40 26 68 51 56 84 94 86 47 50 64 25 61 71 82 58 14 78 15 71 37 22  7 23 18 30 97 92  0 41 54  7 71 91 60 30 19 
94 59 39  2 62 36 64 33 59 94 85 86 62 74 100 96 37 69 41 86 33 47 56  6 74 75 33 39 79 91 44 74 69 17 50 83 100 38 98 88 91 84 58 19 57 90 54 22 32 70 32 29 13 60  7 18 87 60 80 40 94 66 26 27 72  1 41  0 11 76 25 42 29  1 93 
72 64 56 36 95 79  1  6 34 56 48 86 39 97 29 77 94 71 70  2 46 48 98 68 79 90 20 65 71 15  3 66 91 83 96 36 13 15 33 55 72 48 80 61 16 65 96 77 86 56 55 38 12 74 35 46 53 61 35 81 29 88 44 18 67 18 54 11  0 40 99 38 74 14  4 
60 20 47 94 92 58 93 33 62 21 11 53 96 29 41 69 25  1 59 43 33 97 61 22 34 98 42 10 73 81 18 62 77  1 33 84 25 95 19 89 53 59 97 13 75 28 46 58 49 46 72 47 95 99 51 92 33 32 73 75 63 36 91 92 24 55  7 76 40  0  1 32 61 87 51 
33 65 30 61 94 58  8 48 95 52 11 35 64 60 47 77 38 68 86 68 60 31 87 38 87 70 10 88 49 63 84  5 95 69 44 11 37 55 15 49  9 90 30 53  9 77 28  3 26 12  1 81 87 100  2 40 13 55  2 45 91 63 82 52 98 57 71 25 99  1  0 49 59 72 38 
75 12 20 99 82 13 16 82 44 100 85 31 52 19 26 52 86 43 76  1 61 19  6 11  4  1 40 45 81 15 45 88 92 30 62  8 68 46 80 46 23 18 74 80 90 71 94 74 93 24 64 52 55 39 60 81  7 45  5 58 16 66 37 13 95 26 91 42 38 32 49  0 58 42 81 
11 39 86  5 100 73 92 55  4 57 28 16 87 76 100 64 69 57 67 37 85 53  8 74 25 85 86 29 78 44 34 72 95 100 55 34 92 77 59 72  3 21 99 29 63 52 95 50 41 77 35 46 59 77 44 11 12 18 40 97  8 48 61  1 61 86 60 29 74 61 59 58  0 17  7 
71 77 82 79 77 27 88 28 79 80 69 92  3 50  8 34 64 44 27 45 46 84 87  6 72 52 54 43 74 32 75 15 47 53 64 77 48 58 19 60 59 30 46 74 84  1 35 72 61 12 78 33 96 73 92 78 50 59 33 91 51 28 79 65 68 16 30  1 14 87 72 42 17  0 59 
19 35 94 46 40 21 23 44 52 49 31 37 33 12 69 65 67 84  5 85  6 22 57 21 44 23 74 55 49 66 88 44 27 32 73 23 78 82 53 57 29 91 28 91 23 85 68  1 39 68 85 74 61 37 27 39 80 60 74 68 58 40 79 85 87 80 19 93  4 51 38 81  7 59  0 

 0 23 14 63 40 19  8 46 39  3 50 31 43 41 56 91 20  5 33 35 90 93 30 71 27 92  4 87 100 14 59 96 78 87 71 29 94 82 54 18 61 59  7  4 33 43  1 35 60 15  2 10  1 84 76 80 12 37 86 22 55 68 41  6 81 34 91 100 18 17 38 43 31 70 37 
23  0 53 100 34 80 91 10 100  7 83 48 85 22 48  7 38 40 79 21 78 28  9 11 18 41 17 55 27 38 99 92 66  1 10 18 15 31 63 10 99 74 93 89 45 30 16 56 66 85 23 100 22 23 56 88 12 24  4 12 21 77 14 50 93 19 54 93 16 52 20 91 33 36 23 
14 53  0 63 29 26 95 61 31 76  3 64 62 21 18 14 45 29 73 88 18 46 72 38 97 55 96 98 77 26 87 26 68 24 78 93 88 86 96  3 12 47 22 46 90 27  9 50 10 13 64 24 14 55 45 77 94 87  2 49 97 47 98 56 10 66 48 68 42  4 39 21 28 100 56 
63 100 63  0 72 76 71 79 34  4 15 76 38 71 26 17 14 16 45 73  4 17 20 93 100 10 57 89 35 50 13 54 60 57 16 73 96 57 40 86 25 10 73 27 90 40 81 98 56 99 31 68 92 79 95 89 62 95 94 72  1 37 35 87 70 77 78 60 29 72 33 84 90 45  1 
40 34 29 72  0 32 48 93  3 40 96 78 34 34 23 77 40 82 73 20 61 89 56  9 28 61 95 14 69 47 17 21 28 97 22 35 56 50 72 31  9 38 93 27 40 66 71 70 53 72 12 26 19 45  7 31 62 71 50 80 51 55 76 89  2 53 40 87 78 52 36 67 58 79  9 
19 80 26 76 32  0 53  9 54 21  9 37 84 97 25 89 36  9 18 76 35 71 78 77 87  7 63 63 30 85 59 38 58 85 67 38 35 71 14 72  6 74 10 71 68 100 96  6 84 33 66 41  2 65 14 97 26 58 21 81 70 55 14 55 93 83 17 40 50 91 94 26  6 41 79 
 8 91 95 71 48 53  0 23 43 91 79 38 57 46 43 47 35 52 87 13 59 67  9 93  1 34 38 91 69 19 56 74 69 89 82 69 56  9 89 16 23 22 42 14 45 15 48 92  8 16 100 78 52  4 45 27 29 70 52 21 83 81 20  2  6 80 79 17 26 82 37 86 60 75 68 
46 10 61 79 93  9 23  0 18 41 71 37 25 54 47 48  5 44 75 59 57 22 31 51 37 14 81 91 100 73 88 73 90 90 34 90 20 57 64 41 98 18 17 58 95 62 37 33 41 30 36 86 16 24 97 84 49 38 48 20 75 77 56 75  8 45 15 59 100 95 56 80 87  4 37 
39 100 31 34  3 54 43 18  0 93 29 24  3 24 90 17 77 95 42 90 80 52 80 90 13 60  1 65 96 42 50 55 25 20  8  1 16 49 13 54  4 83 17 52 74 72 93 25 57  9 36 91 57 62 46  8 39 43 32 17 49 32 12 20 31 21 88 25 63 22 27 83 35 72 39 
 3  7 76  4 40 21 91 41 93  0 37 78 60 98 23 78 58 81 82 77  8 17 46 87 66 72 81 82 46  7 70 35 79 89 70 59 68 20 95 75 56 18 31 58 94 52 22 44 80 100 30 36 60 45  5 92  5  3  5 68 52  5 79 89 11 19 68  8 96 44 68 31 44 76 79 
50 83  3 15 96  9 79 71 29 37  0 74 73 73 32  4  6 57 96 79 34  8  8  9 84 37 84 22  6 47 26 57 89 85 63 62 100 30 87 67 72 26 16 53 60 94 70 33 71 99 95 45 74  3 30 18 100 34 34 26 42 81 46 98 66 83 77 41 97 10 75 14 74 27 95 
31 48 64 76 78 37 38 37 24 78 74  0 38 73  7 75 90 87 10 39 55 94 97 34 13 65 29 81 31 79 41  1  5 67  8 37 75 11 41 48 55 67 100 65 89 50 49 66 79 11 73 84 69 59 41 74 99 21  1 74 88 91 74 10 90 87 66 78 98 70 29 91  1 22 30 
43 85 62 38 34 84 57 25  3 60 73 38  0 97 95 28 53 54  4 39 16 11 59 85 81 87 25 29 23 22  2 39 89 26 38 32 77 42 34  8 84 93 66 76  6 29  6 25 87 88  8 61 42  1 97 97 100 32 66 39 21 30  5 52 22 61 38 74 99 57 88 38 30 64 73 
41 22 21 71 34 97 46 54 24 98 73 73 97  0 20 29 35 98 49 15 79  8 36  1 33 66 69 15 33  1 56 11 23 52 40 70 85 21 97 90 75  6 42 55 19 64 66 14 45 36 96 72 39 93 81  9 47 68 51 62  8 75 90 78 11 16 64 58 91 76 40 94 69 17 11 
56 48 18 26 23 25 43 47 90 23 32  7 95 20  0 80 56  5 93 83 32 26 19 48 40 10 76 83 28 73  6 12 20 18 82 19 55 53 21 15 11 17 72 54 53 57 60 77 88 45 30 51 83 26 25 16 82 10 63 34 69 51 27 63 85 86 62 17 23 49 37 44 65 45 80 
91  7 14 17 77 89 47 48 17 78  4 75 28 29 80  0 38 44 85 79 51 79 40 21 41 80 19  7 75 100 64 44 18 91 64 95 94 92 78 94 22 18 65 35 57 33 67 15 53 40 54 75 50 69 100 19 42 15 71 12 77  5 73 12  3  2 100 15  7 50 34  2 73 52 31 
20 38 45 14 40 36 35  5 77 58  6 90 53 35 56 38  0 71 90 47 71 35 41 71  1 10 15 98 96 43 86 33 57 95 98 68 18  1 32 29 64 98 28 21 100 85 91 95 42 24 65 50 60 38 72 13 24 42 10 83 28 44 38 61 46  5 83 97 75 21 20 72 100 70 19 
 5 40 29 16 82  9 52 44 95 81 57 87 54 98  5 44 71  0 24 95 84 75 18 98 31 79 32 59 20 97 61 54 35 28 66 30 82 12 74 51 66 18 65 51 57  2 20 46 85 25 88 99 42 50 70 89 97 19 36 95 87 54 47 71 96 62 83 19 63 70 92 56 46 93 26 
33 79 73 45 73 18 87 75 42 82 96 10  4 49 93 85 90 24  0 60 28 83 62 41 17 93  4 94 90 90 97 22 85 70  8  6 16 67  6 48 76 29  2 100 98 17 78  5 14 77 88 23  9 77 97 70 29 45  5 86 71 30 66 71 19 87 50 23 71 60 17 49 19 99 20 
35 21 88 73 20 76 13 59 90 77 79 39 39 15 83 79 47 95 60  0 37 91 18 29 74 29 11 70  2 50 33 70 60 21 57  1 39 33 69 74 28 86 87 74 49 31  6 29 81  1 60 17 58 73 50 61 22  6 20 100  5  1 77  6  3 65 42  1 96 77 76 15 87 45 98 
90 78 18  4 61 35 59 57 80  8 34 55 16 79 32 51 71 84 28 37  0 91 52 25 10  3 79 80 23 92 10 66 71 64 47 71 92 52 24 91 13 89 13 47 13 46 68 36 92  9  7 86 85 66 40 46 17 56 57 92 82 69 20 38 48  2 49 52 49 16 82 20 72 46 75 
93 28 46 17 89 71 67 22 52 17  8 94 11  8 26 79 35 75 83 91 91  0 28 28 40 30 100 91 68 84 78 53 18 53 46 84 34 64  7 57 41 90 65 28 60 97 42 55 77 15 79 27 15 59 40 97 54 22 64 14 25 99 72 54 87 43 59 74 49 24 43 25 13 48  4 
30  9 72 20 56 78  9 31 80 46  8 97 59 36 19 40 41 18 62 18 52 28  0 61 65 21 53 56 23 31 28 27  1 64 41 60  1 26 25 84 44 61 86 25  9 69 14 29 28 40 29 30 64 41  8 72 23 82 20 62 49 84 80  7 17 91 96 85 42 62 12 50 88 17 43 
71 11 38 93  9 77 93 51 90 87  9 34 85  1 48 21 71 98 41 29 25 28 61  0 14 80 92 36 84 59 86 50 99 18 38 53  8 38 60 76 26 32 16 93 66 40  6 96  7 68 33 65 99 37 89 91 11 100  4 50 39 70 52 16 49 90 50 35 31 12 16 84 95 66 15 
27 18 97 100 28 87  1 37 13 66 84 13 81 33 40 41  1 31 17 74 10 40 65 14  0 41 57 58 11 42 53 30 21 25 31 17 36 90 75 32 39 22 93 46 48 59 79 60 90 19 91  7 17 67 34 96 47 17 74 30 80 24 55 50 97 44  4 94 78 98 13 64 88 33 63 
92 41 55 10 61  7 34 14 60 72 37 65 87 66 10 80 10 79 93 29  3 30 21 80 41  0 50 80 91 69 58 76 56 14 46 41 18 54 20 74 79 18 29 95  1 52 76 67 12 17 65 29 97 71 43 54  9 81 63  5 19 80 65 60 81 91 62  7 37 28 50 89  9 74 80 
 4 17 96 57 95 63 38 81  1 81 84 29 25 69 76 19 15 32  4 11 79 100 53 92 57 50  0 58  8 16 42 60 76  9 25 90 64 43 19 35 78 41 52  7 19 58 86 28 79 92 30 38 24 23 92 53 39 58 38 15 67 12 12 39 19  6 84 78 27 80 66  8 19 20 98 
87 55 98 89 14 63 91 91 65 82 22 81 29 15 83  7 98 59 94 70 80 91 56 36 58 80 58  0 88 84 70  1 58 82 87 44 85 51 10 94 84 37 40 22 73 20 54 73 68  9  2 81 53 31 23 14 36 73 83 100 64 18 78 89 83 21 57  4 97  3 95 55 13 45 73 
100 27 77 35 69 30 69 100 96 46  6 31 23 33 28 75 96 20 90  2 23 68 23 84 11 91  8 88  0  3 93 33 88 14 54 16 78 35 21 86 79 69 49 53 46 55 73 95 96 100 70 10 34 27  8  1 15 13 35 37 24 100 89 42 25  8 47 15 23 58 31 56 40 53 25 
14 38 26 50 47 85 19 73 42  7 47 79 22  1 73 100 43 97 90 50 92 84 31 59 42 69 16 84  3  0 73 23 50 42 53 35 43 88 23 83 65 67 89 100 61 24 48 89 27 34 63 14 41 40 40  4 21 94 45 46 70 14 82 63 44 28 44  9  8 11 40 26 40  7 29 
59 99 87 13 17 59 56 88 50 70 26 41  2 56  6 64 86 61 97 33 10 78 28 86 53 58 42 70 93 73  0 92 60 98 39 21 79 70 68 71 43 84 26 78 23 60 68 61 17 26 69 35 39  4 67 79 32 59 15 65 68 37 15  7 47 92 62 63 64 38 30  4 97 71 100 
96 92 26 54 21 38 74 73 55 35 57  1 39 11 12 44 33 54 22 70 66 53 27 50 30 76 60  1 33 23 92  0 60 79 90 70 50 63 73 16 80  6 12 27 47 73 32 98 65 92 88 79 61 17 78 46 53 78 95 20 68  1 29 43 18 96  2  7 46 83 90 34 11 99 30 
78 66 68 60 28 58 69 90 25 79 89  5 89 23 20 18 57 35 85 60 71 18  1 99 21 56 76 58 88 50 60 60  0 79 22 65  4 72 20 32 60 57 54 77 69 17 63 34 39  1 52 40 60 81 32 23 48  3 33 92 13 34 37 33 95 29 73  8 27  1 54 93 28 96 42 
87  1 24 57 97 85 89 90 20 89 85 67 26 52 18 91 95 28 70 21 64 53 64 18 25 14  9 82 14 42 98 79 79  0 26 81 10 30 93 35 33 75 69 89 26 99 18 65 63 22  4 82 29 67 15  5 35  4 38  6 94 83 30 38 25 15 18 96 75 42 71 14 72 61 90 
71 10 78 16 22 67 82 34  8 70 63  8 38 40 82 64 98 66  8 57 47 46 41 38 31 46 25 87 54 53 39 90 22 26  0 81 17 20 46 88 83 75 55 52  7 32  3 70 14 56 92 73 72 50 79 91  2 95 14 72 54 72 32  2 87 10 50  8 65 12  5 13 36 30 85 
29 18 93 73 35 38 69 90  1 59 62 37 32 70 19 95 68 30  6  1 71 84 60 53 17 41 90 44 16 35 21 70 65 81 81  0 83 96 33 67 57 67 63 19 77 83 31 61 80 37 12  7 21 68 66  7 20 23 61 94 23 10 53 17  5 85 54 44 20 84 96 87 47  9 67 
94 15 88 96 56 35 56 20 16 68 100 75 77 85 55 94 18 82 16 39 92 34  1  8 36 18 64 85 78 43 79 50  4 10 17 83  0 34 98  8 66 55 77 77 90 68 11 23 11 93 43 55 59 84 84 83 46  9 54 11 15 19 67 44  3 72 36 40 40 55 20  8  3  1 35 
82 31 86 57 50 71  9 57 49 20 30 11 42 21 53 92  1 12 67 33 52 64 26 38 90 54 43 51 35 88 70 63 72 30 20 96 34  0 98 82 59 16 18 33  5  9 88  5 40 74 48 30 42 41 72 98 41 28 82 17 76 13 18 55 30 69  9 24  5 47 49 19 24 61  2 
54 63 96 40 72 14 89 64 13 95 87 41 34 97 21 78 32 74  6 69 24  7 25 60 75 20 19 10 21 23 68 73 20 93 46 33 98 98  0  6 43 16 58 32 48 28 57 39 99 60 76  5 25 81 44 51 24 18  2 76 25 26 68  6 60 58 78 31  5 34  2 79 95 77 40 
18 10  3 86 31 72 16 41 54 75 67 48  8 90 15 94 29 51 48 74 91 57 84 76 32 74 35 94 86 83 71 16 32 35 88 67  8 82  6  0 29 85  4 75 25 95 75 44 57 23 45 54 51 66 69 88  3 78 32 74 76 76 15 62 19  7 90  8 79 70 16  6 96 20 17 
61 99 12 25  9  6 23 98  4 56 72 55 84 75 11 22 64 66 76 28 13 41 44 26 39 79 78 84 79 65 43 80 60 33 83 57 66 59 43 29  0 75 72 95 54 47 92 57 37 86 19 99 99 51  2 70 81 48 33 47 71 40 58 59  4 58  2 31 39 12 82 54 64 46 22 
59 74 47 10 38 74 22 18 83 18 26 67 93  6 17 18 98 18 29 86 89 90 61 32 22 18 41 37 69 67 84  6 57 75 75 67 55 16 16 85 75  0 56 48 57 76 45 79 74 53 69 73 87 71 65 43 67 30 56 92 16  1 39  1  3 24 94 38 33 47 14 41 26 41  9 
 7 93 22 73 93 10 42 17 17 31 16 100 66 42 72 65 28 65  2 87 13 65 86 16 93 29 52 40 49 89 26 12 54 69 55 63 77 18 58  4 72 56  0 61 20 38  1 69 38 83 63 61 85 56  5 15 24 88 99 92 80 63 12 77 76  7 60 66 12 74 41 65 44 88 83 
 4 89 46 27 27 71 14 58 52 58 53 65 76 55 54 35 21 51 100 74 47 28 25 93 46 95  7 22 53 100 78 27 77 89 52 19 77 33 32 75 95 48 61  0 46 54 97 51 53  2 64 92 31 57 25 29 48  6 35 83 18 37 32 93 28 56 50 29 64 63 16 55 85 74 49 
33 45 90 90 40 68 45 95 74 94 60 89  6 19 53 57 100 57 98 49 13 60  9 66 48  1 19 73 46 61 23 47 69 26  7 77 90  5 48 25 54 57 20 46  0 74 57 42 90 37 73 48 33 22 77 43 29 42 51 66 96 74 42 73 12  9 30 62 73 47 52 92 58 95 14 
43 30 27 40 66 100 15 62 72 52 94 50 29 64 57 33 85  2 17 31 46 97 69 40 59 52 58 20 55 24 60 73 17 99 32 83 68  9 28 95 47 76 38 54 74  0 55 36 21 100 24 95 31 92 38 11 65 95 53 49 35 24 69 93 19 83 29 32 89 72 51 86 31 100 84 
 1 16  9 81 71 96 48 37 93 22 70 49  6 66 60 67 91 20 78  6 68 42 14  6 79 76 86 54 73 48 68 32 63 18  3 31 11 88 57 75 92 45  1 97 57 55  0 16 88 39  6 46 77 52 64 34 48 90 36 48 35 63 86 22 42 66 29 89 83 41  4 37 44 92 94 
35 56 50 98 70  6 92 33 25 44 33 66 25 14 77 15 95 46  5 29 36 55 29 96 60 67 28 73 95 89 61 98 34 65 70 61 23  5 39 44 57 79 69 51 42 36 16  0 39 52 79 21 28 49  5 92 13 16 11 60 38 84 31 67 13 65 72 17 43 88 91  1 97 77 15 
60 66 10 56 53 84  8 41 57 80 71 79 87 45 88 53 42 85 14 81 92 77 28  7 90 12 79 68 96 27 17 65 39 63 14 80 11 40 99 57 37 74 38 53 90 21 88 39  0  5 58 67 35 72 47  9 16 70 82 88  5  4 23 48 11 96 86 92 18 64 94 52  3 53 67 
15 85 13 99 72 33 16 30  9 100 99 11 88 36 45 40 24 25 77  1  9 15 40 68 19 17 92  9 100 34 26 92  1 22 56 37 93 74 60 23 86 53 83  2 37 100 39 52  5  0 65 81 78 50 28 93 10 64 76 41 56  9 90 99 92 22 72  5  2 96 71 73 83 84 52 
 2 23 64 31 12 66 100 36 36 30 95 73  8 96 30 54 65 88 88 60  7 79 29 33 91 65 30  2 70 63 69 88 52  4 92 12 43 48 76 45 19 69 63 64 73 24  6 79 58 65  0 81 82 54 34 93 100 33 73 30 45 13 71  5  4 29 13  8 29 26 76 41 56 40 98 
10 100 24 68 26 41 78 86 91 36 45 84 61 72 51 75 50 99 23 17 86 27 30 65  7 29 38 81 10 14 35 79 40 82 73  7 55 30  5 54 99 73 61 92 48 95 46 21 67 81 81  0  7 47 16 78 93 14 68 88 66 71 79 70 40 97 85 72 82 96  4 28 86 55 87 
 1 22 14 92 19  2 52 16 57 60 74 69 42 39 83 50 60 42  9 58 85 15 64 99 17 97 24 53 34 41 39 61 60 29 72 21 59 42 25 51 99 87 85 31 33 31 77 28 35 78 82  7  0 92  2 99 49 95  1 89 39 13 85 60 53  3 42 95 68 60 89 28  1 80 89 
84 23 55 79 45 65  4 24 62 45  3 59  1 93 26 69 38 50 77 73 66 59 41 37 67 71 23 31 27 40  4 17 81 67 50 68 84 41 81 66 51 71 56 57 22 92 52 49 72 50 54 47 92  0 65 32 44 16 73 22 22 95 43 75 23 59 60 14 22 16  3 32 44  4 77 
76 56 45 95  7 14 45 97 46  5 30 41 97 81 25 100 72 70 97 50 40 40  8 89 34 43 92 23  8 40 67 78 32 15 79 66 84 72 44 69  2 65  5 25 77 38 64  5 47 28 34 16  2 65  0  8 59 86 32 90 62 19 35 74 39 83 94 52 96 20 44  6  9 53 38 
80 88 77 89 31 97 27 84  8 92 18 74 97  9 16 19 13 89 70 61 46 97 72 91 96 54 53 14  1  4 79 46 23  5 91  7 83 98 51 88 70 43 15 29 43 11 34 92  9 93 93 78 99 32  8  0 46 39 20 38 27 35 25 96 26 86 98 16 35 64 74 45 49 44 43 
12 12 94 62 62 26 29 49 39  5 100 99 100 47 82 42 24 97 29 22 17 54 23 11 47  9 39 36 15 21 32 53 48 35  2 20 46 41 24  3 81 67 24 48 29 65 48 13 16 10 100 93 49 44 59 46  0 72 14 93 97 10 15 100 51 40 14 74 90 83 74 60 24 44 67 
37 24 87 95 71 58 70 38 43  3 34 21 32 68 10 15 42 19 45  6 56 22 82 100 17 81 58 73 13 94 59 78  3  4 95 23  9 28 18 78 48 30 88  6 42 95 90 16 70 64 33 14 95 16 86 39 72  0  6 57 57 74 36 47 31  9 47 91 84 37 35 70 78 16 55 
86  4  2 94 50 21 52 48 32  5 34  1 66 51 63 71 10 36  5 20 57 64 20  4 74 63 38 83 35 45 15 95 33 38 14 61 54 82  2 32 33 56 99 35 51 53 36 11 82 76 73 68  1 73 32 20 14  6  0 42 83 25 40 16 59 23 73 64 87 50 85 40 80 12  6 
22 12 49 72 80 81 21 20 17 68 26 74 39 62 34 12 83 95 86 100 92 14 62 50 30  5 15 100 37 46 65 20 92  6 72 94 11 17 76 74 47 92 92 83 66 49 48 60 88 41 30 88 89 22 90 38 93 57 42  0 56 38 54 47 51 91 96 33 56 63 93 45 90 85 81 
55 21 97  1 51 70 83 75 49 52 42 88 21  8 69 77 28 87 71  5 82 25 49 39 80 19 67 64 24 70 68 68 13 94 54 23 15 76 25 76 71 16 80 18 96 35 35 38  5 56 45 66 39 22 62 27 97 57 83 56  0 75 79 28 77 63 49 46  1 15 34 53 78 49 63 
68 77 47 37 55 55 81 77 32  5 81 91 30 75 51  5 44 54 30  1 69 99 84 70 24 80 12 18 100 14 37  1 34 83 72 10 19 13 26 76 40  1 63 37 74 24 63 84  4  9 13 71 13 95 19 35 10 74 25 38 75  0 75 96 93 67 58 77 50 40 20 29 38 91 97 
41 14 98 35 76 14 20 56 12 79 46 74  5 90 27 73 38 47 66 77 20 72 80 52 55 65 12 78 89 82 15 29 37 30 32 53 67 18 68 15 58 39 12 32 42 69 86 31 23 90 71 79 85 43 35 25 15 36 40 54 79 75  0 84 40 17  9 29 86 91 57 60  7 32 57 
 6 50 56 87 89 55  2 75 20 89 98 10 52 78 63 12 61 71 71  6 38 54  7 16 50 60 39 89 42 63  7 43 33 38  2 17 44 55  6 62 59  1 77 93 73 93 22 67 48 99  5 70 60 75 74 96 100 47 16 47 28 96 84  0 44 16 53 43 76 76 35 21 48 94 25 
81 93 10 70  2 93  6  8 31 11 66 90 22 11 85  3 46 96 19  3 48 87 17 49 97 81 19 83 25 44 47 18 95 25 87  5  3 30 60 19  4  3 76 28 12 19 42 13 11 92  4 40 53 23 39 26 51 31 59 51 77 93 40 44  0 90 96 65 44  3 37 40 45 85 86 
34 19 66 77 53 83 80 45 21 19 83 87 61 16 86  2  5 62 87 65  2 43 91 90 44 91  6 21  8 28 92 96 29 15 10 85 72 69 58  7 58 24  7 56  9 83 66 65 96 22 29 97  3 59 83 86 40  9 23 91 63 67 17 16 90  0 79 45  6  1  6 65 87 17 76 
91 54 48 78 40 17 79 15 88 68 77 66 38 64 62 100 83 83 50 42 49 59 96 50  4 62 84 57 47 44 62  2 73 18 50 54 36  9 78 90  2 94 60 50 30 29 29 72 86 72 13 85 42 60 94 98 14 47 73 96 49 58  9 53 96 79  0 36 77 50 58 56 58 75 31 
100 93 68 60 87 40 17 59 25  8 41 78 74 58 17 15 97 19 23  1 52 74 85 35 94  7 78  4 15  9 63  7  8 96  8 44 40 24 31  8 31 38 66 29 62 32 89 17 92  5  8 72 95 14 52 16 74 91 64 33 46 77 29 43 65 45 36  0 75 32 65 98 42 26 66 
18 16 42 29 78 50 26 100 63 96 97 98 99 91 23  7 75 63 71 96 49 49 42 31 78 37 27 97 23  8 64 46 27 75 65 20 40  5  5 79 39 33 12 64 73 89 83 43 18  2 29 82 68 22 96 35 90 84 87 56  1 50 86 76 44  6 77 75  0 98 94 47 33 67  4 
17 52  4 72 52 91 82 95 22 44 10 70 57 76 49 50 21 70 60 77 16 24 62 12 98 28 80  3 58 11 38 83  1 42 12 84 55 47 34 70 12 47 74 63 47 72 41 88 64 96 26 96 60 16 20 64 83 37 50 63 15 40 91 76  3  1 50 32 98  0 27 28 49 63 77 
38 20 39 33 36 94 37 56 27 68 75 29 88 40 37 34 20 92 17 76 82 43 12 16 13 50 66 95 31 40 30 90 54 71  5 96 20 49  2 16 82 14 41 16 52 51  4 91 94 71 76  4 89  3 44 74 74 35 85 93 34 20 57 35 37  6 58 65 94 27  0 95 55 21 74 
43 91 21 84 67 26 86 80 83 31 14 91 38 94 44  2 72 56 49 15 20 25 50 84 64 89  8 55 56 26  4 34 93 14 13 87  8 19 79  6 54 41 65 55 92 86 37  1 52 73 41 28 28 32  6 45 60 70 40 45 53 29 60 21 40 65 56 98 47 28 95  0 94 71 72 
31 33 28 90 58  6 60 87 35 44 74  1 30 69 65 73 100 46 19 87 72 13 88 95 88  9 19 13 40 40 97 11 28 72 36 47  3 24 95 96 64 26 44 85 58 31 44 97  3 83 56 86  1 44  9 49 24 78 80 90 78 38  7 48 45 87 58 42 33 49 55 94  0  4 42 
70 36 100 45 79 41 75  4 72 76 27 22 64 17 45 52 70 93 99 45 46 48 17 66 33 74 20 45 53  7 71 99 96 61 30  9  1 61 77 20 46 41 88 74 95 100 92 77 53 84 40 55 80  4 53 44 44 16 12 85 49 91 32 94 85 17 75 26 67 63 21 71  4  0  4 
37 23 56  1  9 79 68 37 39 79 95 30 73 11 80 31 19 26 20 98 75  4 43 15 63 80 98 73 25 29 100 30 42 90 85 67 35  2 40 17 22  9 83 49 14 84 94 15 67 52 98 87 89 77 38 43 67 55  6 81 63 97 57 25 86 76 31 66  4 77 74 72 42  4  0 

 0 83  6 10  2 67  4 24  6  4 13 15 67 16 27 71 83 20 91 75 85 69 34 42 37 78 47 88 77 30 31 57 68 92  3 33 71 31 65 36 24 38 100 97 93 15  1 94 18 17 56 92 37 18 40 36 60 82 36 82 99 15 67 16 22 73 80 38 15 93 18 33 76 83 99 
83  0 50 70 41 35 67 81 62 81 98 31 100 89 57 87 75 68 66  3 74 99 57 96 76 77 54 24 55 88 56 31 35  5 13 33 59 63 78 98 54 39 93  6 15 83 28 49 54 19 11 72 42 18 88 30 59  7 53 25 83 42 77 83 89 77 19 21  8 72 41 27 91 18 32 
 6 50  0  1  9 32 81  2 41 68 79 75 42 76 15 93  4  7 72 18 76 24 93 91 77 83 78 47 73 55 94 69 24 84 42 43 26  2 78 16 87 33 68 10 44 56 91  5 87 13 17 100 69  6 56 98 29 53 47 42 61 70 78 10 19 12 86 33 35 99 19  2 86 86 57 
10 70  1  0 18 44 33 93 90 44 90 88 69 66 60 28  7 73 31  2 15 97 18 75 28 41 28  7 57 65 89 61 43  1  7 14 82 47  5 63 77 15 46 57 26 46 49 66 79 13  2  4 72  3 96 13 42 10 83 59 43 95 61  8 40 11 68 94 82 36 44 59 73 48 85 
 2 41  9 18  0 62 94  9 78 29 21 99 95 57 18 72  4 66 78 85 79 10 43 50 75 92 91 33 58 10 76 94 39 25 74 97 38 80 62  7 40 57 85 49 16 31  7 35 45 50 73 27 22 20  8 61 60 88 69 40 44  5 95 79 50 44 27 88 18 11 58 59 22 13 47 
67 35 32 44 62  0  5 12 46 70 46 69 63 81 39 97 69 14 39 45 19 39 14 14 66 41 28 99 53 48 48 47 20  7 33 63 18 14 35 80 48 89 91 65 51 38 27 32  5 90 25 54 64 43 23 89 43 10 72 90 37 58 93 42 10 23 30 50 50 95 64  8 88 53 95 
 4 67 81 33 94  5  0 46 86 42 54 73 81 67 78 56 24 67  7 93  2 32 91  3 89 65 21 50 11 62 72 94 100 45 54 35 12 38 15 78 77 55 66 15 49 18 17 83 33 92 73 87 48  9 82 82  5 55 37 67 41 95 24 20 89 24 31 23 65  3 65 17 12 82 24 
24 81  2 93  9 12 46  0 43 15 27 95 70  2 33 46 98 68 56 33 86 69 23 17 41 71 76 15 44 23 20 29 75 100 18 54 47 64 45 35 44  7 71 99 100 51 99 56 67 96  4 64 22 77 40 88 24 90 44  2 54 36 56 13 83  4 77 58 25  3 89 85 60 26 15 
 6 62 41 90 78 46 86 43  0 50  8 30 23 67 72  2 12 86 62 10 55  2 71  8 10  5 44 47  1 86 11 34 49 47 90 94 35 24 23 25 93 87 35 27 11 95 79 52 95 74 28 61 17 23 60 98 23 77 48 92 13 48 34 56 98 14 20 87 84 87 94 24  5 81 36 
 4 81 68 44 29 70 42 15 50  0 13 42  1 43 48 43 72 66  8 22 76 71 54 99 45 77 28 48 60 31 15 50  2 48 71 59 93 67 27 88 41 13 59 12 58 70 14 65 34 85 27 93 97 51 97 66 37 31 87 65 23 80 48 89 94 91 89 15 53  3 98 35 52 80 68 
13 98 79 90 21 46 54 27  8 13  0 54 76 38 53 54 15 83 57 84 98 10 53 72 60 16 67 86 61 58 91 94 33 14 83 61 61 81 75 87 98 48 89 21 19 82  2 75 87 59 71 64 50 63 25 46 31 64 60 59 18 69 98 63 62 21 83 99 56 64 62 10 90 58 27 
15 31 75 88 99 69 73 95 30 42 54  0 46 93 29 25 95 77 17 49 95 48 51 91 34 17 99 52 41  9  9 88 47 89  1 13  8 91 52 55  5  5 57  6 27 97 33 15 75 88 11 89 96 64 58 17 40 63 79 63 69 16 13 38 40  9  9 89  9 10 16 12 85 28 59 
67 100 42 69 95 63 81 70 23  1 76 46  0 16 51 51 70 77 31 63 70 68 28 46 87 26 81 29 15 31 86 21 98 68 16 31 88 10 68 23 96 85 99 93 13  6 77 16 86 45 70 70 47  3  4 66 52 23 59 80  5 55 32 55 25 11 62 76 18 37  3 80 16 56 32 
16 89 76 66 57 81 67  2 67 43 38 93 16  0 63 23 22 31 26  8 89 73 57 70 42  2 58 47 66 55 100 71  2 52 99 41 62 18 60 62 19 80 30 86 98 13 41 40 96 48 30 64 60 80 56 94 15 43 47 72  4 88 84 19  8  6  2 34 70 91  2  4 14 45 50 
27 57 15 60 18 39 78 33 72 48 53 29 51 63  0 21 76 87 45 50 72 84 46 35 68 34 61 34 80 14 15 78 31 80 30 93 68  7 23 41 35 93 13 11 38 33 97 28  8 49 95 96 62 19 79 62 45 49 43 72 83 39 56 47 46 55 96 25 90 38 89 52 30 59 53 
71 87 93 28 72 97 56 46  2 43 54 25 51 23 21  0 49 32 37 98 16 41 50 39 43 77 66 89 37 22 86 16 24 84 51 98 48 58 53 94 94 72 80 75 91 22 91 99 71 24 28  8 12 38 99 88 32 64 40 74  9 91 83 64 57 63 44 78 80 25 51 52  9  2 14 
83 75  4  7  4 69 24 98 12 72 15 95 70 22 76 49  0 42 85 42 43 18 47 36 99 31 15 15 94 58 10 65 27 23 66 16 70 22  6 79 94 86 11 54 62 75 42 34 23 96 42 48 22 69 90 18 91 32 51 30 71 47 39 69  6 46 73 98  3 100 38 76 88 37 91 
20 68  7 73 66 14 67 68 86 66 83 77 77 31 87 32 42  0 45 88 53 73 31 70 19 65  5 76 32 68 22 77 21 51 24 37 55 66 68 39 75 95 23  2  9 73 29 50 55 69 23  3  2 88 82 96 10 37 12  7 39 89 94 65 18 95 64 47 35  2 58 98 24 72 60 
91 66 72 31 78 39  7 56 62  8 57 17 31 26 45 37 85 45  0 75 26 19 14 63 18 71 69 59 10 27 18 65 97 35 49 31 59 97 25 36 73 40 37 58 24 24 39  6 54 95 92 66 49 66 22 83 41  9 54 93 52 50 95 50  1 10 54 92 97 64 63 79 70 69 85 
75  3 18  2 85 45 93 33 10 22 84 49 63  8 50 98 42 88 75  0 10 61 98  5 19 48 57 65 100  2 74 48 25  1  1 48 75 36  3 16 58 48 50 96  9 50 66 91 64 36 15 71  3 11 60 10 17 21  8 71 10 54 83 59 36 85 87 89 25 63 44 89 10 23 68 
85 74 76 15 79 19  2 86 55 76 98 95 70 89 72 16 43 53 26 10  0 57 27 94 68 83 21  9 82 99  1 81 25 15 41 31 18 51 11 99 35 75 34 22 92 64 76 16 97 99 49 73 33 31 93 22 76 36 38 28 57 70 72 66 35 47 52 25 46 71 65 72 60 32 80 
69 99 24 97 10 39 32 69  2 71 10 48 68 73 84 41 18 73 19 61 57  0 79 78 37 63 55 69 36 24 38 69 66 64 59 78 78 29 61 42 45 17 57 90 37 88 34 33 34  1  4 22 54 69 84 22 99 91 11 58 51 33 42 81  7 85 23 86 30 99 74 63 25 85  7 
34 57 93 18 43 14 91 23 71 54 53 51 28 57 46 50 47 31 14 98 27 79  0 82 74  8 49 14 34 93 74 32 53 68 11  3 46 91 35 99 29 94 55 87 90 70 47 10 36 65 92 59 73 74 76 98  6 72  3 51  2 82  8 52 100 78 76 50 83 11 16 74 38 80 13 
42 96 91 75 50 14  3 17  8 99 72 91 46 70 35 39 36 70 63  5 94 78 82  0 47 67 39 14 27 41 31 59 91 44 44 67 62 27 90 55 51 36 97 51 23 93 30 64 42 28 81 45 54 75 93  6 85 46 68 46 13 26 97 67 48 27 89 22  4 65 33 24 49 72 78 
37 76 77 28 75 66 89 41 10 45 60 34 87 42 68 43 99 19 18 19 68 37 74 47  0  3 94 10 11 79 28 20 25 80 24 16 63 29 71 99 26 47 78 36 15 57 35 97  3 13 28  6 87 97 65 21 19 54 15 13 25 35 52 58 97 48 47 46 78 19 61 86 32 73 16 
78 77 83 41 92 41 65 71  5 77 16 17 26  2 34 77 31 65 71 48 83 63  8 67  3  0 39 24 31 71 93 27 26 90 92 45 28 59  2  6 61 82 66 75 22 23 30 95 43 33 40 51 12 17 25 24 95 93  5 33 28 52 26 25 73 95 38 88 53 29  4 19 89 47 72 
47 54 78 28 91 28 21 76 44 28 67 99 81 58 61 66 15  5 69 57 21 55 49 39 94 39  0 99 38 48 76 21 53 91 57 54 98 72 31 42 37 65  2 24 21 90  4 31 71 76 57  7 81 65 97  9 61 14 92  2 64 83 57 77 49 35 19 56 44 80 87  7 79 28 44 
88 24 47  7 33 99 50 15 47 48 86 52 29 47 34 89 15 76 59 65  9 69 14 14 10 24 99  0 39 100 94 47 94 66  8  5 11 24 65 58 39 20 87 100 98 45 57 85 95 67 96 30 22 45 58 17 29 45 36 10 92 11 81 31  6 47 58 66 56 49 100 50 24 49 84 
77 55 73 57 58 53 11 44  1 60 61 41 15 66 80 37 94 32 10 100 82 36 34 27 11 31 38 39  0 57 15 21 89  6 35 41  9 45 25 51 48  1 24 74 54  7 51 77 18 30 88 71 38 43 93 30 36  8  6 73 71 20  9 47 71 48 93 23 88 21  7 34 44 70 83 
30 88 55 65 10 48 62 23 86 31 58  9 31 55 14 22 58 68 27  2 99 24 93 41 79 71 48 100 57  0 52 51 87  7 49 74 40 95 90  2 48 100 58 49 98 33 90 99 23 42 44 81 95 47 34 73 88  6 43 20 58 86  1 64 12 83 11  4 67 32 94 71 57 28 35 
31 56 94 89 76 48 72 20 11 15 91  9 86 100 15 86 10 22 18 74  1 38 74 31 28 93 76 94 15 52  0 81 48 86 38 33  7 59 55 81  8 34 22 85 25 44 66 52 10 31 78 91 31 79 57 64 51 39 37 24 73  2 36  2  4 37 97 44 78 43 99 69 84 49 11 
57 31 69 61 94 47 94 29 34 50 94 88 21 71 78 16 65 77 65 48 81 69 32 59 20 27 21 47 21 51 81  0 72 34  5 48 17 13 61 81 11 49 43  4 19 89 33 76 72 92 56 52 50 75 33 49  8 79 32 26 52 26 44 58 80  3 25 90 85 66  7  1 51 63 47 
68 35 24 43 39 20 100 75 49  2 33 47 98  2 31 24 27 21 97 25 25 66 53 91 25 26 53 94 89 87 48 72  0 13 97 43 90  2 68 75  5 13 24 96 14 80  8 74 22 88 82 22 27 92 80 15 32 74  9 81 85 74 87  4 48 87 97 20 25 84 13 67 87 84 81 
92  5 84  1 25  7 45 100 47 48 14 89 68 52 80 84 23 51 35  1 15 64 68 44 80 90 91 66  6  7 86 34 13  0 81 57 25 49 75 93 87 80 98 13 44 54 97 58 85 59 88 16 70 38 59 39 68  5 94 63 18 41 45 12 26 50 70 11 34 28 10 48 83 28 34 
 3 13 42  7 74 33 54 18 90 71 83  1 16 99 30 51 66 24 49  1 41 59 11 44 24 92 57  8 35 49 38  5 97 81  0  5  1 49 99 64 65 79 99 22 73  7 46  6  9 74 87 22 91 48 10 33 69 13 12 33 45 34 48 78 76 61 99 44 80  2 80 92  6 100 88 
33 33 43 14 97 63 35 54 94 59 61 13 31 41 93 98 16 37 31 48 31 78  3 67 16 45 54  5 41 74 33 48 43 57  5  0 89 50 59 87 79  7 47  6 38  6 62 31 58 16 74 77 100 54 23 41 81  4 69 60 65 32 15 80 63 21 35  4 17 75 39 68 38 46 24 
71 59 26 82 38 18 12 47 35 93 61  8 88 62 68 48 70 55 59 75 18 78 46 62 63 28 98 11  9 40  7 17 90 25  1 89  0 60 98  4 80  8 47 21 12 64 90 24 23  1 94 44 42 45 89 67 42 80 100 60 52 59 21 58 90 98 93 80 26 91 62 28 96 74 49 
31 63  2 47 80 14 38 64 24 67 81 91 10 18  7 58 22 66 97 36 51 29 91 27 29 59 72 24 45 95 59 13  2 49 49 50 60  0 70 22 62 53 36 39 22 99 80 65 59 56 83 20 74 22 58 33 36 17 50 45 26 46 66  4 93 27 14 77  6 33  8 40 97 45 30 
65 78 78  5 62 35 15 45 23 27 75 52 68 60 23 53  6 68 25  3 11 61 35 90 71  2 31 65 25 90 55 61 68 75 99 59 98 70  0 11 78  3 60  8 39  6 17 71 48  8 62 48 17 19 54 94 25 91 56  3 73 25 82 80 56 92 56 64 31 21 90 55 37 47 65 
36 98 16 63  7 80 78 35 25 88 87 55 23 62 41 94 79 39 36 16 99 42 99 55 99  6 42 58 51  2 81 81 75 93 64 87  4 22 11  0 79 64 26 53 59 94 80 78 62  5 30 40 63 33 39 77 28 92 23 51 32 12 86 99 73 23 41 23 43 34 57 88 25 42 15 
24 54 87 77 40 48 77 44 93 41 98  5 96 19 35 94 94 75 73 58 35 45 29 51 26 61 37 39 48 48  8 11  5 87 65 79 80 62 78 79  0 48 100 21  6 38 81 73 16 72 10 60 35 97 18 87 30 94 55 52 90 94  4 50 75 87 47 86 79 12 41 18 88 36 13 
38 39 33 15 57 89 55  7 87 13 48  5 85 80 93 72 86 95 40 48 75 17 94 36 47 82 65 20  1 100 34 49 13 80 79  7  8 53  3 64 48  0  1 88  8 62 64 60  6 53 11 39 85 12 44 61 58 79 10 15 76 48 98 82 89 60 62 45 56 75 95 34 52 33 89 
100 93 68 46 85 91 66 71 35 59 89 57 99 30 13 80 11 23 37 50 34 57 55 97 78 66  2 87 24 58 22 43 24 98 99 47 47 36 60 26 100  1  0 26 20 57 94 44 67 81 79  6 82 60 77  6 25 64 29 59 65 25 60 27  2 75 66 16 64  5 93 75 26 83 57 
97  6 10 57 49 65 15 99 27 12 21  6 93 86 11 75 54  2 58 96 22 90 87 51 36 75 24 100 74 49 85  4 96 13 22  6 21 39  8 53 21 88 26  0 93 99  8 84 55 56 87 47 63 41 80 21 87 64 57 52 68 28 89 39 94  8 13 89 42 43 69 28 39 17 16 
93 15 44 26 16 51 49 100 11 58 19 27 13 98 38 91 62  9 24  9 92 37 90 23 15 22 21 98 54 98 25 19 14 44 73 38 12 22 39 59  6  8 20 93  0 10 42 37 16  5 92  3 89 35 93 10 32 28 29 65 12 94 37  3 34 25 61 38 86 29 77 16 90 78 57 
15 83 56 46 31 38 18 51 95 70 82 97  6 13 33 22 75 73 24 50 64 88 70 93 57 23 90 45  7 33 44 89 80 54  7  6 64 99  6 94 38 62 57 99 10  0 18 13 95 13 41  8 39 91 83 97 30 83 14 16 93 59 83 75 65 53 73 19 55 69 43 93 68 76 11 
 1 28 91 49  7 27 17 99 79 14  2 33 77 41 97 91 42 29 39 66 76 34 47 30 35 30  4 57 51 90 66 33  8 97 46 62 90 80 17 80 81 64 94  8 42 18  0 95 11 17 70 95 36 15 29 78 73 25 24 58 75 43 17 98 72 14 57 78 100 13 40 15  9 90 36 
94 49  5 66 35 32 83 56 52 65 75 15 16 40 28 99 34 50  6 91 16 33 10 64 97 95 31 85 77 99 52 76 74 58  6 31 24 65 71 78 73 60 44 84 37 13 95  0 21 79 41 95 48 69 50 39 41 79 91  4 56 57 81 19 92 58 54 17 79 83  7 16  4 52 75 
18 54 87 79 45  5 33 67 95 34 87 75 86 96  8 71 23 55 54 64 97 34 36 42  3 43 71 95 18 23 10 72 22 85  9 58 23 59 48 62 16  6 67 55 16 95 11 21  0  9 41 25 56  6 39  5 57 44 27 79 45 69  8 80 13 48 89 13  9 99 59 89 43  4 27 
17 19 13 13 50 90 92 96 74 85 59 88 45 48 49 24 96 69 95 36 99  1 65 28 13 33 76 67 30 42 31 92 88 59 74 16  1 56  8  5 72 53 81 56  5 13 17 79  9  0 58 83 42  6 72  7 23 92 33 91 93 37 47 92 29 97 34 36  6 94 76 75  6 94 41 
56 11 17  2 73 25 73  4 28 27 71 11 70 30 95 28 42 23 92 15 49  4 92 81 28 40 57 96 88 44 78 56 82 88 87 74 94 83 62 30 10 11 79 87 92 41 70 41 41 58  0 12 34  4 95 93 67 14 61  2 22  4 59 94 52 90 16 86 19 40 88  1 15 29 45 
92 72 100  4 27 54 87 64 61 93 64 89 70 64 96  8 48  3 66 71 73 22 59 45  6 51  7 30 71 81 91 52 22 16 22 77 44 20 48 40 60 39  6 47  3  8 95 95 25 83 12  0 82 67 31 45 17 52 34 57 24 27 76 80 45 35 81 63 69 36 64 94 73 89 81 
37 42 69 72 22 64 48 22 17 97 50 96 47 60 62 12 22  2 49  3 33 54 73 54 87 12 81 22 38 95 31 50 27 70 91 100 42 74 17 63 35 85 82 63 89 39 36 48 56 42 34 82  0 13 39 64 39 96 19 48 70 48 96  9 20 95 65 10 93 16 69 100 21 42  1 
18 18  6  3 20 43  9 77 23 51 63 64  3 80 19 38 69 88 66 11 31 69 74 75 97 17 65 45 43 47 79 75 92 38 48 54 45 22 19 33 97 12 60 41 35 91 15 69  6  6  4 67 13  0  4  8 69 80 44 69 33 30 70 92 79 97 64 85  5 33 98 11 41 72 97 
40 88 56 96  8 23 82 40 60 97 25 58  4 56 79 99 90 82 22 60 93 84 76 93 65 25 97 58 93 34 57 33 80 59 10 23 89 58 54 39 18 44 77 80 93 83 29 50 39 72 95 31 39  4  0 18  1 81 14 47 24 34 17 85 92 40 33  4 65 95  1  8 86 90 65 
36 30 98 13 61 89 82 88 98 66 46 17 66 94 62 88 18 96 83 10 22 22 98  6 21 24  9 17 30 73 64 49 15 39 33 41 67 33 94 77 87 61  6 21 10 97 78 39  5  7 93 45 64  8 18  0 75 46 87 14 23 20  2  6 55 13 35 19 56 22 90 41 51 76 54 
60 59 29 42 60 43  5 24 23 37 31 40 52 15 45 32 91 10 41 17 76 99  6 85 19 95 61 29 36 88 51  8 32 68 69 81 42 36 25 28 30 58 25 87 32 30 73 41 57 23 67 17 39 69  1 75  0 28 74  1 39 61 51  4 15 52  4 62 27 31 30 94 81 63 59 
82  7 53 10 88 10 55 90 77 31 64 63 23 43 49 64 32 37  9 21 36 91 72 46 54 93 14 45  8  6 39 79 74  5 13  4 80 17 91 92 94 79 64 64 28 83 25 79 44 92 14 52 96 80 81 46 28  0 34 23 48 79 87 95 45 39 44  5 29 39 83 59 46  5 13 
36 53 47 83 69 72 37 44 48 87 60 79 59 47 43 40 51 12 54  8 38 11  3 68 15  5 92 36  6 43 37 32  9 94 12 69 100 50 56 23 55 10 29 57 29 14 24 91 27 33 61 34 19 44 14 87 74 34  0 71 32 72 17 91 96 37 40 55 57 11 28 49 81 43 25 
82 25 42 59 40 90 67  2 92 65 59 63 80 72 72 74 30  7 93 71 28 58 51 46 13 33  2 10 73 20 24 26 81 63 33 60 60 45  3 51 52 15 59 52 65 16 58  4 79 91  2 57 48 69 47 14  1 23 71  0 62 87 28 88 36 75 65 38 71 80 20 39 14 27 58 
99 83 61 43 44 37 41 54 13 23 18 69  5  4 83  9 71 39 52 10 57 51  2 13 25 28 64 92 71 58 73 52 85 18 45 65 52 26 73 32 90 76 65 68 12 93 75 56 45 93 22 24 70 33 24 23 39 48 32 62  0 95 12 12 62 60 40  8 65 94 53 45 76 84 45 
15 42 70 95  5 58 95 36 48 80 69 16 55 88 39 91 47 89 50 54 70 33 82 26 35 52 83 11 20 86  2 26 74 41 34 32 59 46 25 12 94 48 25 28 94 59 43 57 69 37  4 27 48 30 34 20 61 79 72 87 95  0 27 99  2  6 73 26 33 48 15 100 24 35 98 
67 77 78 61 95 93 24 56 34 48 98 13 32 84 56 83 39 94 95 83 72 42  8 97 52 26 57 81  9  1 36 44 87 45 48 15 21 66 82 86  4 98 60 89 37 83 17 81  8 47 59 76 96 70 17  2 51 87 17 28 12 27  0 28 56 37 63 88 85 94 71 14  9 73 68 
16 83 10  8 79 42 20 13 56 89 63 38 55 19 47 64 69 65 50 59 66 81 52 67 58 25 77 31 47 64  2 58  4 12 78 80 58  4 80 99 50 82 27 39  3 75 98 19 80 92 94 80  9 92 85  6  4 95 91 88 12 99 28  0 83 63 76  1 77 40 68 61 22 93 94 
22 89 19 40 50 10 89 83 98 94 62 40 25  8 46 57  6 18  1 36 35  7 100 48 97 73 49  6 71 12  4 80 48 26 76 63 90 93 56 73 75 89  2 94 34 65 72 92 13 29 52 45 20 79 92 55 15 45 96 36 62  2 56 83  0 34 67 42 77  9 19 52 94 73 39 
73 77 12 11 44 23 24  4 14 91 21  9 11  6 55 63 46 95 10 85 47 85 78 27 48 95 35 47 48 83 37  3 87 50 61 21 98 27 92 23 87 60 75  8 25 53 14 58 48 97 90 35 95 97 40 13 52 39 37 75 60  6 37 63 34  0 78 21 18 84  8 44  3 83 75 
80 19 86 68 27 30 31 77 20 89 83  9 62  2 96 44 73 64 54 87 52 23 76 89 47 38 19 58 93 11 97 25 97 70 99 35 93 14 56 41 47 62 66 13 61 73 57 54 89 34 16 81 65 64 33 35  4 44 40 65 40 73 63 76 67 78  0 22 59 42 48 40 83 71 24 
38 21 33 94 88 50 23 58 87 15 99 89 76 34 25 78 98 47 92 89 25 86 50 22 46 88 56 66 23  4 44 90 20 11 44  4 80 77 64 23 86 45 16 89 38 19 78 17 13 36 86 63 10 85  4 19 62  5 55 38  8 26 88  1 42 21 22  0 66 21 34 57 70 43 62 
15  8 35 82 18 50 65 25 84 53 56  9 18 70 90 80  3 35 97 25 46 30 83  4 78 53 44 56 88 67 78 85 25 34 80 17 26  6 31 43 79 56 64 42 86 55 100 79  9  6 19 69 93  5 65 56 27 29 57 71 65 33 85 77 77 18 59 66  0 98 67 54 15 32 88 
93 72 99 36 11 95  3  3 87  3 64 10 37 91 38 25 100  2 64 63 71 99 11 65 19 29 80 49 21 32 43 66 84 28  2 75 91 33 21 34 12 75  5 43 29 69 13 83 99 94 40 36 16 33 95 22 31 39 11 80 94 48 94 40  9 84 42 21 98  0 92 28 56 47  2 
18 41 19 44 58 64 65 89 94 98 62 16  3  2 89 51 38 58 63 44 65 74 16 33 61  4 87 100  7 94 99  7 13 10 80 39 62  8 90 57 41 95 93 69 77 43 40  7 59 76 88 64 69 98  1 90 30 83 28 20 53 15 71 68 19  8 48 34 67 92  0 73 82 14 59 
33 27  2 59 59  8 17 85 24 35 10 12 80  4 52 52 76 98 79 89 72 63 74 24 86 19  7 50 34 71 69  1 67 48 92 68 28 40 55 88 18 34 75 28 16 93 15 16 89 75  1 94 100 11  8 41 94 59 49 39 45 100 14 61 52 44 40 57 54 28 73  0 67 77 55 
76 91 86 73 22 88 12 60  5 52 90 85 16 14 30  9 88 24 70 10 60 25 38 49 32 89 79 24 44 57 84 51 87 83  6 38 96 97 37 25 88 52 26 39 90 68  9  4 43  6 15 73 21 41 86 51 81 46 81 14 76 24  9 22 94  3 83 70 15 56 82 67  0 39 28 
83 18 86 48 13 53 82 26 81 80 58 28 56 45 59  2 37 72 69 23 32 85 80 72 73 47 28 49 70 28 49 63 84 28 100 46 74 45 47 42 36 33 83 17 78 76 90 52  4 94 29 89 42 72 90 76 63  5 43 27 84 35 73 93 73 83 71 43 32 47 14 77 39  0 78 
99 32 57 85 47 95 24 15 36 68 27 59 32 50 53 14 91 60 85 68 80  7 13 78 16 72 44 84 83 35 11 47 81 34 88 24 49 30 65 15 13 89 57 16 57 11 36 75 27 41 45 81  1 97 65 54 59 13 25 58 45 98 68 94 39 75 24 62 88  2 59 55 28 78  0 
