75
 0 92 23 51 47 19 24 92 58 60  7 58 20 30 45 14 100 99 22 22 73 39 58  2 48  2 87 53 47 20 16 50 60  6 85 55 57 10 99 12 99 23 80 22 82 41 67 72 87 55 83 54 85 27 61 11 68 54 30  6  4 68  4 79 33 19  5 97 41 87 51 43 38 93 34 
92  0 67 49  8  3  8 91 76 41 15 51 64 14 32 66 92 20 46 23 49 92 72 53 74 29 42 54 84 95 88 83 64 85 82 44 19 14  7 89 27 30 78 74 71 31 80 39 94 38 18 23 27 92 98 42 11 72 98 37 28 50 66 88 37 93 34 53 47 69  7 31 66 27 70 
23 67  0 65 69 55 21 36 14 49 96 12 10 84 67 86 55 79 38 77 37 78 58  7 14 88 34  7 69 81 14  7 49 78 42 64  9  4 64 87 82 54  5 34 85 77 33 76 28 67 49 18  9 50 11 43 73 31 65 47  9 51 38 63 84 56 100 85 16 100 45 29 26 81 80 
51 49 65  0 20 14 71 47 55 65 64 35 61 55 23  9 17 15 76 39 46  8 33 73 54 48 83 88 64  6 53 85  6 18 95 56 46 56 85 67 74 15 32 38 38 20 52 35 35 15 85 87 31 53 18 22 55 86 10 71 23 17 37 99 31 49 67 46 17 87 26 38 74 40 43 
47  8 69 20  0 34 71 46 64 72 83 24 46 21 49 38 89 71  2 81 76 90 70 21 17 61 89 88 20 72  1 32 88 12 30  3 32 15 100 31 79 50 15 30 29 49 40 12 59 65 70 96 80 13 52 88 79 82 96 58 15 46  4 75 74 86 86 52  9 49 52 35 10 92 61 
19  3 55 14 34  0 99 95 71 43 29  2 97 25 38 29 42 16 60  1 97 58  8 89 31 82  9 24 95 13 93 41 48 50 80 47 57 92 49 11 96 38 26 94 57 66 89 50 79 41 47 24 32 58  5 55 10 85 24 79 37 37 74 65 81 37 85 28 24 22 39 10 43 37 100 
24  8 21 71 71 99  0 39 89 30 38 50 52 30 12 68 93 21 60  1 61 69 81 20 81 68 68 17 41 20 83 63 25 39 89 36 59 55 48 81 89 58 10 67 89 91  7 75 59 57 23 82 23 66 94 81 61 36 68 31 15 65 28 31 95 15 23 57 89 17 44 21 90 48 28 
92 91 36 47 46 95 39  0 45 69 60 20 87 77 36 75 53 18 48 88 74  4 64 91 51 66 49 17 75 98 98 54 37 15 84 65 27 91 86 37 15 58 78 79  8 34 41 70 84 59 51 100 79 80 49 15 59 20 13 40 52 100  2 70 43 20 56 88 64 19 56 80 89 73 53 
58 76 14 55 64 71 89 45  0 73 31 93 42 23 11 54  7 32 23 95 14 12 84 34 86 28 87 84  2 42 13 96 68 50 67 21  3 28 98 36 79 26 76 46 61 63 14 23 55  1 97 27 32 34 30 40 99 31 55 22 14 42 63 65 91 10 72 12 80 99 47 74 54 72 93 
60 41 49 65 72 43 30 69 73  0 34  6 65 18 44 88 72 59 26 85 63 33 82 69 93 64 13  5 18 48 45 13 86 62 55 70 13 53 37 53 81 51  5 44 36 19 65 67 36 72 59 13 66 86  2 15 80 61  4 16 19 32 70 66 22 48 24 44 77 73 30 42  9 75 61 
 7 15 96 64 83 29 38 60 31 34  0 24 67 25 55 95 89 43 94 61 49 71 40 66 62 96 35 53 88 67 64 85 93 34 42 91 57 98 44 98 20 22 83 20 29 81 17 70 32 86 48 70 65 64 98  4 64 57 41 24 95 61 99 11 96 90 78  7 24 51 20 69 53 31 41 
58 51 12 35 24  2 50 20 93  6 24  0 29 63 99 88 100  3 30  5 10 53 96 98 89 97 58 40 53 39 75 86 37  2 94 42 25 50 33 82 16  6 60 34 60 36 93 61 35 44 78 17 23 45 28 43 97 61  6 99 58 86 69 44 23 24 42  8 91 77 21 16 16 91  5 
20 64 10 61 46 97 52 87 42 65 67 29  0 56 76 17 74 51 72 28 32  6 63 74 13 21 92 73 18 42 37  6 83 70 17 83 89  5 20 28 53 93 72 32 56  5 78 48 66 81 61 84 56  4 76 51 16 40 23 84 92 15 57  4 30 42 57 34 49 69 77  9 11 15 43 
30 14 84 55 21 25 30 77 23 18 25 63 56  0 97 69 80 33 14 88  7 32 12 40 68 41 41 92 63 39 63 79 30 62 39 78 19  6 64 98 87 94 80 75 23  5 100 40 59 97 76 18 48 47 79 76 41 73  9 34 46 63 40  7 90 46  6  4  5 83 65  1 22 92 79 
45 32 67 23 49 38 12 36 11 44 55 99 76 97  0 42  5 71 14 65 29 49 22 63 15 26 55 63 61 16  1 74 76 31 17 25  2 87 56 47 54 38 19 93  6 14 14 30 35  6 25 78 43  8 95 53 67  2 64 45 25 53 20 72 61 16 88 79 91 86 93 19 34 15 94 
14 66 86  9 38 29 68 75 54 88 95 88 17 69 42  0 19 84 41 79 74 20 31 99 78 86 31 81 70 17 53 28 28 77 90 31 77  5 77 59 19 39 47 32 25 16  4 51 64 16 56 96 49  6 75 73 57 70 51 29 96 25 41 80 54 24 100 80 83 20 67 47 29 92 26 
100 92 55 17 89 42 93 53  7 72 89 100 74 80  5 19  0 85 26 80 97 11 77 91 30 75 73 57  5 13 57  4 70  5 66 80 99 84 29 80 44 50 87 72 31 93 18 41 10  4 63 81 30 41 49 96 15 53 30 15 13 72 16 79 99 91 19 95  3 52 71 23 33 51 92 
99 20 79 15 71 16 21 18 32 59 43  3 51 33 71 84 85  0 19 76  9 59 22 15 27 28 10 29 65 67 36 57 29 52 14 28 37 78 99 68 97 52 65 57 67 49 42 86  9 53 35 52 95 85 13 12 78 18 50 40 46 64 90 93 95 21 73 74 62 52 35 93 90 58 57 
22 46 38 76  2 60 60 48 23 26 94 30 72 14 14 41 26 19  0  5 20  4  1 31 69 33  1 64 31 30 27 60 24 60 51 60 33 39 18 10 25 45 13 40 81 31 31 92 35 80 86 63 60 21 16  6  3 80 61 96 20 40 44 46 15 54 75 55 60 65 62 89 44  3 92 
22 23 77 39 81  1  1 88 95 85 61  5 28 88 65 79 80 76  5  0 52 82 50 75 17 78 29 49  4 45 89 33  5 59 12 46 79 30 25 22 36 82 55 89 86 80 68  6 46 37 78 41 28 17 67  8 27 99 91 51 75 64 37 31 58 74  8 99 39 71 30 90 19 16 73 
73 49 37 46 76 97 61 74 14 63 49 10 32  7 29 74 97  9 20 52  0 85 90 39  1  6 96 26 95 99 18 13  7  5 68 22  2 41 62 25 36 49 49 15 33 23 80 25 61 62 47 29 31 97 33 65 26 56 46 30 18 49 43 10 50 90 49 38 48  5 84 62 64  8 27 
39 92 78  8 90 58 69  4 12 33 71 53  6 32 49 20 11 59  4 82 85  0 34 93  7 28 74 36 14 75 94 85 70 58 93 72 93 97 15  9 19 60 86 84 75 27 66  9 36 46 79 84  3 22 60 46 83 16 52 45 57 56 97 45 18 60 33 82 100 29 95  7  6 16 46 
58 72 58 33 70  8 81 64 84 82 40 96 63 12 22 31 77 22  1 50 90 34  0 55 96 89 73 94 52 98 22 37  8 28 86 79 56 67 48 39 57 77 13 68 13 20 47 17 47 81 60  8 89 91 21 33  1 44 30 97 99  2  2 11 64 63 16 77 58 38  1 49 72 93 14 
 2 53  7 73 21 89 20 91 34 69 66 98 74 40 63 99 91 15 31 75 39 93 55  0 88 94 50 41 38 53 42 30 39 23 18 71 100 51  2 85 59 84 89 79 74 16 12 62 43 58 16 26 64 48  9 64 61 81 64 43  7 78 77 63 49 61 37  4 99 77 88 99 84 68 25 
48 74 14 54 17 31 81 51 86 93 62 89 13 68 15 78 30 27 69 17  1  7 96 88  0 94 60 27 44 73 86 90 48 88 92 98 24 48 75 51 79 97 74 81 38 33 92  8 42  9 90 75  1 99 39 41 90 32 40 70 84 87 67 13 63  9 32 75 26 97 96 61 74 51 59 
 2 29 88 48 61 82 68 66 28 64 96 97 21 41 26 86 75 28 33 78  6 28 89 94 94  0 40 76 87 31 13 89 69 28  8 72 31  6 89 70 62 31 37 31 82 26 75 22 86 67 22 17 57  2  4 80 20 10 40 51 24 48 48 79 36 50 39 25 72 21 79 54 66 44 60 
87 42 34 83 89  9 68 49 87 13 35 58 92 41 55 31 73 10  1 29 96 74 73 50 60 40  0 45 74 66  4 44 17 22 10 42 59 96  5  7 19 56 67 76 96 41 81 73 89 36 12 82 95 40 58 47 63 16 60 20 34 74 67 27 89 31  3 56 30 23 37 39  3  5 98 
53 54  7 88 88 24 17 17 84  5 53 40 73 92 63 81 57 29 64 49 26 36 94 41 27 76 45  0 100 31 56 23 99 51 73 70 81  7  9 41 17  7 82 69 66 37 63 43 23 82 76 55 77 75 63 50 96 32 68 69 48 31 49 91 57 97 28 98 72 49 100 62 24 25 69 
47 84 69 64 20 95 41 75  2 18 88 53 18 63 61 70  5 65 31  4 95 14 52 38 44 87 74 100  0 56 54 72 25 88 39 53  4 53 38  5 42 32 21 42 75 40 47 85 39 83 31 24 21 27  7 33  4 29 20 66 95 21 29 25 32 75 90 22 21 100 55 31 98 65 39 
20 95 81  6 72 13 20 98 42 48 67 39 42 39 16 17 13 67 30 45 99 75 98 53 73 31 66 31 56  0 21 34 38 100 50 19 63 27 60 32 98  6 50 80 27 42 77 73  3 44 69 90 33 41 76 60 74 54 63 35 48 83 42 11 48 13 27 88 77 46 51 82 85 33 62 
16 88 14 53  1 93 83 98 13 45 64 75 37 63  1 53 57 36 27 89 18 94 22 42 86 13  4 56 54 21  0 29 17 23 55 65 56 83 96 36 50 14 74 70 31 68 52 85 71  2 17 31 41 47 99 62 63 16 17 40 74 35 21  2  2  7 69 92 45  1 32 36 95 65 61 
50 83  7 85 32 41 63 54 96 13 85 86  6 79 74 28  4 57 60 33 13 85 37 30 90 89 44 23 72 34 29  0 60 17  3 90 12 61 90 10  4 36 26 71 90 82 68 12 54 37 20 66 62  9 83 51 98 59 95 39 10 80 86 73 62 25 65  8 86 97 38 71 11 22 73 
60 64 49  6 88 48 25 37 68 86 93 37 83 30 76 28 70 29 24  5  7 70  8 39 48 69 17 99 25 38 17 60  0 34 74 68 39 72  7 50 58 28 81 37 96 21 23 39 23 85 70 65 63 18 19 94 96 73  2 97 99 92 31 91 58 10 38 26 82  2 21 61 70  6  8 
 6 85 78 18 12 50 39 15 50 62 34  2 70 62 31 77  5 52 60 59  5 58 28 23 88 28 22 51 88 100 23 17 34  0 35 100 29 96 98 14 74 14 66 92  4 86 74 49 72 58 52 11 71 47 18 18 57 30 89 79 46 79 38 39 48 57 84 45 83 44 85 36 85 16 90 
85 82 42 95 30 80 89 84 67 55 42 94 17 39 17 90 66 14 51 12 68 93 86 18 92  8 10 73 39 50 55  3 74 35  0 35 26 86 25 24 14 90 31 66 97 27  8 83 12 29 41 60 31 28 25 14 71 28  8  2 72 98 58 41  1 63 51 34 63 25 28  8 85 53 55 
55 44 64 56  3 47 36 65 21 70 91 42 83 78 25 31 80 28 60 46 22 72 79 71 98 72 42 70 53 19 65 90 68 100 35  0 65  3 72 38 51  8 61 76 30 45 75 26 68 92 42 81 87  3  3 38 35 19 93 67 42 26  6 99 75 45 43  8 48  2 64 14 90 97 37 
57 19  9 46 32 57 59 27  3 13 57 25 89 19  2 77 99 37 33 79  2 93 56 100 24 31 59 81  4 63 56 12 39 29 26 65  0 89 72 24 42 95 84 18  1  3 48 93 78 57 89 90 90 60 83 58 56 88 60 17 20 65 54 83 79 36 59 66 19 46 63 89 27 98 49 
10 14  4 56 15 92 55 91 28 53 98 50  5  6 87  5 84 78 39 30 41 97 67 51 48  6 96  7 53 27 83 61 72 96 86  3 89  0 87 85 11 47 31 80 10 89 16 48 43  1 35  2 39 66 43 12 57 27 72 21 45 63 82 54 86 84 54 39 63 95 77 98 32 58 55 
99  7 64 85 100 49 48 86 98 37 44 33 20 64 56 77 29 99 18 25 62 15 48  2 75 89  5  9 38 60 96 90  7 98 25 72 72 87  0  4 80 58 44 16 42 97 51 23 48 65 61 88 25 95  1 69 80  5 80 62 70 60 67 98 21 79 29 50 31 25  5 93 37 21 87 
12 89 87 67 31 11 81 37 36 53 98 82 28 98 47 59 80 68 10 22 25  9 39 85 51 70  7 41  5 32 36 10 50 14 24 38 24 85  4  0 85 19  5 86 26 59 53 72 90 36 37 53 23 17 45 39 25 24 10 53 63 94 18 98 68 100 30 36 11 100 87 61 28 30  4 
99 27 82 74 79 96 89 15 79 81 20 16 53 87 54 19 44 97 25 36 36 19 57 59 79 62 19 17 42 98 50  4 58 74 14 51 42 11 80 85  0 14 62 34 80 81 47 40 85 40 42 43 30 11 15 54 66 33 86 38 62 30 51 91 34 43 67 49 64 15 72  2 48 87 91 
23 30 54 15 50 38 58 58 26 51 22  6 93 94 38 39 50 52 45 82 49 60 77 84 97 31 56  7 32  6 14 36 28 14 90  8 95 47 58 19 14  0 11  6 50 19 20 83 59 60 41 56 18 77 53  8 99 76  4 50 14  2 48 98 85 91 22 69 89 44 72 76 80 34 46 
80 78  5 32 15 26 10 78 76  5 83 60 72 80 19 47 87 65 13 55 49 86 13 89 74 37 67 82 21 50 74 26 81 66 31 61 84 31 44  5 62 11  0 72 18 14 89 74  9 82 32 64 80 37 34 54 31 48 57 89 71 61 18 51  7 77 27 91  9 63 55 85 59 18 58 
22 74 34 38 30 94 67 79 46 44 20 34 32 75 93 32 72 57 40 89 15 84 68 79 81 31 76 69 42 80 70 71 37 92 66 76 18 80 16 86 34  6 72  0 44 72 57 83 99  5 89  9  3 43 74 20 69 20 79 26  1 51 94 58 71 44 17 86 31 84  1  9 54 56  5 
82 71 85 38 29 57 89  8 61 36 29 60 56 23  6 25 31 67 81 86 33 75 13 74 38 82 96 66 75 27 31 90 96  4 97 30  1 10 42 26 80 50 18 44  0 17 97 26  5 63 28 27 36 91 19 58  6  1 60 21 85 80 31 98 41 50 19 79 10 39 45 97 89 13 61 
41 31 77 20 49 66 91 34 63 19 81 36  5  5 14 16 93 49 31 80 23 27 20 16 33 26 41 37 40 42 68 82 21 86 27 45  3 89 97 59 81 19 14 72 17  0 38 49  7 97 28 32 79 33 66 35  3 54 36 60  4 68  6 63 73 32 35 90 10 52 11 34 52 46 94 
67 80 33 52 40 89  7 41 14 65 17 93 78 100 14  4 18 42 31 68 80 66 47 12 92 75 81 63 47 77 52 68 23 74  8 75 48 16 51 53 47 20 89 57 97 38  0 20 62  3 27 60  2 13 92 54 24 67  5 57 32 52 12 21 38 25  6 50 80 29 41 36 85 58 88 
72 39 76 35 12 50 75 70 23 67 70 61 48 40 30 51 41 86 92  6 25  9 17 62  8 22 73 43 85 73 85 12 39 49 83 26 93 48 23 72 40 83 74 83 26 49 20  0 60 65 45 30 53 42 82 26 27 40 78 51 95 94 19 43 40 91 94  1 84  2 37 97 14 40 71 
87 94 28 35 59 79 59 84 55 36 32 35 66 59 35 64 10  9 35 46 61 36 47 43 42 86 89 23 39  3 71 54 23 72 12 68 78 43 48 90 85 59  9 99  5  7 62 60  0  8 96 79 93 42 23 94 53 31 32 70  2 100 93 64 19 75  2 10 65 29 86 54 67  1 65 
55 38 67 15 65 41 57 59  1 72 86 44 81 97  6 16  4 53 80 37 62 46 81 58  9 67 36 82 83 44  2 37 85 58 29 92 57  1 65 36 40 60 82  5 63 97  3 65  8  0 40 55 28 89 47 42 11 42 13 33 33 22 43 19 11 27 72 38 64  1 50 83 73 22 51 
83 18 49 85 70 47 23 51 97 59 48 78 61 76 25 56 63 35 86 78 47 79 60 16 90 22 12 76 31 69 17 20 70 52 41 42 89 35 61 37 42 41 32 89 28 28 27 45 96 40  0 95 35 45 20 47  4 86 100 46 43 85  4 38 25 28  5 10  2 36 15 100 21 77 31 
54 23 18 87 96 24 82 100 27 13 70 17 84 18 78 96 81 52 63 41 29 84  8 26 75 17 82 55 24 90 31 66 65 11 60 81 90  2 88 53 43 56 64  9 27 32 60 30 79 55 95  0 59 62 70 52 94 83 49 36 67 72 46 50 62 73 66 57 72 78 73 97 35 99  1 
85 27  9 31 80 32 23 79 32 66 65 23 56 48 43 49 30 95 60 28 31  3 89 64  1 57 95 77 21 33 41 62 63 71 31 87 90 39 25 23 30 18 80  3 36 79  2 53 93 28 35 59  0 81 47 14 62 100 58 73 58 30 89 50 25 16 61 98 57 54 96 92 59 27 58 
27 92 50 53 13 58 66 80 34 86 64 45  4 47  8  6 41 85 21 17 97 22 91 48 99  2 40 75 27 41 47  9 18 47 28  3 60 66 95 17 11 77 37 43 91 33 13 42 42 89 45 62 81  0 98 19  3 96  2 82 56  2 48 39 52 47 13 85 18 29 65 27 37 94 96 
61 98 11 18 52  5 94 49 30  2 98 28 76 79 95 75 49 13 16 67 33 60 21  9 39  4 58 63  7 76 99 83 19 18 25  3 83 43  1 45 15 53 34 74 19 66 92 82 23 47 20 70 47 98  0 86 40 85 57 68 72 36 48  1 41 38  6 50 23 99 53 54 36 14 65 
11 42 43 22 88 55 81 15 40 15  4 43 51 76 53 73 96 12  6  8 65 46 33 64 41 80 47 50 33 60 62 51 94 18 14 38 58 12 69 39 54  8 54 20 58 35 54 26 94 42 47 52 14 19 86  0 47  9 44 79 70 60 65 87 47 16 100 58 82 72 49 29 43  1 17 
68 11 73 55 79 10 61 59 99 80 64 97 16 41 67 57 15 78  3 27 26 83  1 61 90 20 63 96  4 74 63 98 96 57 71 35 56 57 80 25 66 99 31 69  6  3 24 27 53 11  4 94 62  3 40 47  0 92 97 67 37  7 77 43 55 15 62 30 69 74 75 45 36 46 27 
54 72 31 86 82 85 36 20 31 61 57 61 40 73  2 70 53 18 80 99 56 16 44 81 32 10 16 32 29 54 16 59 73 30 28 19 88 27  5 24 33 76 48 20  1 54 67 40 31 42 86 83 100 96 85  9 92  0 34 51 48 22 41 41 94 73 73 25 45  1 37 46 92 20 73 
30 98 65 10 96 24 68 13 55  4 41  6 23  9 64 51 30 50 61 91 46 52 30 64 40 40 60 68 20 63 17 95  2 89  8 93 60 72 80 10 86  4 57 79 60 36  5 78 32 13 100 49 58  2 57 44 97 34  0 95 13 68 86 23 22 83 52 54 23 14 90 74 36 32 77 
 6 37 47 71 58 79 31 40 22 16 24 99 84 34 45 29 15 40 96 51 30 45 97 43 70 51 20 69 66 35 40 39 97 79  2 67 17 21 62 53 38 50 89 26 21 60 57 51 70 33 46 36 73 82 68 79 67 51 95  0 88 99 67 91  1 61 15 60 93 42 43 58 67  4 62 
 4 28  9 23 15 37 15 52 14 19 95 58 92 46 25 96 13 46 20 75 18 57 99  7 84 24 34 48 95 48 74 10 99 46 72 42 20 45 70 63 62 14 71  1 85  4 32 95  2 33 43 67 58 56 72 70 37 48 13 88  0 48 69 32 34 34 55 26 35 37 24 11 27 57 49 
68 50 51 17 46 37 65 100 42 32 61 86 15 63 53 25 72 64 40 64 49 56  2 78 87 48 74 31 21 83 35 80 92 79 98 26 65 63 60 94 30  2 61 51 80 68 52 94 100 22 85 72 30  2 36 60  7 22 68 99 48  0 91 97 29  6 73  9 96 21 67 16 61 35 18 
 4 66 38 37  4 74 28  2 63 70 99 69 57 40 20 41 16 90 44 37 43 97  2 77 67 48 67 49 29 42 21 86 31 38 58  6 54 82 67 18 51 48 18 94 31  6 12 19 93 43  4 46 89 48 48 65 77 41 86 67 69 91  0 84 40 48 32 82 66 11 26 63 68 20 20 
79 88 63 99 75 65 31 70 65 66 11 44  4  7 72 80 79 93 46 31 10 45 11 63 13 79 27 91 25 11  2 73 91 39 41 99 83 54 98 98 91 98 51 58 98 63 21 43 64 19 38 50 50 39  1 87 43 41 23 91 32 97 84  0  3 99 34  3 60 69 90  8 45 13  3 
33 37 84 31 74 81 95 43 91 22 96 23 30 90 61 54 99 95 15 58 50 18 64 49 63 36 89 57 32 48  2 62 58 48  1 75 79 86 21 68 34 85  7 71 41 73 38 40 19 11 25 62 25 52 41 47 55 94 22  1 34 29 40  3  0 48 15 67 82 48 85 24 57 90  6 
19 93 56 49 86 37 15 20 10 48 90 24 42 46 16 24 91 21 54 74 90 60 63 61  9 50 31 97 75 13  7 25 10 57 63 45 36 84 79 100 43 91 77 44 50 32 25 91 75 27 28 73 16 47 38 16 15 73 83 61 34  6 48 99 48  0 17 10 14 22 27 79 100 32 39 
 5 34 100 67 86 85 23 56 72 24 78 42 57  6 88 100 19 73 75  8 49 33 16 37 32 39  3 28 90 27 69 65 38 84 51 43 59 54 29 30 67 22 27 17 19 35  6 94  2 72  5 66 61 13  6 100 62 73 52 15 55 73 32 34 15 17  0 65 18 86 78 74 13 54 35 
97 53 85 46 52 28 57 88 12 44  7  8 34  4 79 80 95 74 55 99 38 82 77  4 75 25 56 98 22 88 92  8 26 45 34  8 66 39 50 36 49 69 91 86 79 90 50  1 10 38 10 57 98 85 50 58 30 25 54 60 26  9 82  3 67 10 65  0 23 98 87 63 42 44 74 
41 47 16 17  9 24 89 64 80 77 24 91 49  5 91 83  3 62 60 39 48 100 58 99 26 72 30 72 21 77 45 86 82 83 63 48 19 63 31 11 64 89  9 31 10 10 80 84 65 64  2 72 57 18 23 82 69 45 23 93 35 96 66 60 82 14 18 23  0 79 31 85 48 49 13 
87 69 100 87 49 22 17 19 99 73 51 77 69 83 86 20 52 52 65 71  5 29 38 77 97 21 23 49 100 46  1 97  2 44 25  2 46 95 25 100 15 44 63 84 39 52 29  2 29  1 36 78 54 29 99 72 74  1 14 42 37 21 11 69 48 22 86 98 79  0 41 97 33 15 17 
51  7 45 26 52 39 44 56 47 30 20 21 77 65 93 67 71 35 62 30 84 95  1 88 96 79 37 100 55 51 32 38 21 85 28 64 63 77  5 87 72 72 55  1 45 11 41 37 86 50 15 73 96 65 53 49 75 37 90 43 24 67 26 90 85 27 78 87 31 41  0 96 51 64 36 
43 31 29 38 35 10 21 80 74 42 69 16  9  1 19 47 23 93 89 90 62  7 49 99 61 54 39 62 31 82 36 71 61 36  8 14 89 98 93 61  2 76 85  9 97 34 36 97 54 83 100 97 92 27 54 29 45 46 74 58 11 16 63  8 24 79 74 63 85 97 96  0 16 39 15 
38 66 26 74 10 43 90 89 54  9 53 16 11 22 34 29 33 90 44 19 64  6 72 84 74 66  3 24 98 85 95 11 70 85 85 90 27 32 37 28 48 80 59 54 89 52 85 14 67 73 21 35 59 37 36 43 36 92 36 67 27 61 68 45 57 100 13 42 48 33 51 16  0 51 24 
93 27 81 40 92 37 48 73 72 75 31 91 15 92 15 92 51 58  3 16  8 16 93 68 51 44  5 25 65 33 65 22  6 16 53 97 98 58 21 30 87 34 18 56 13 46 58 40  1 22 77 99 27 94 14  1 46 20 32  4 57 35 20 13 90 32 54 44 49 15 64 39 51  0  5 
34 70 80 43 61 100 28 53 93 61 41  5 43 79 94 26 92 57 92 73 27 46 14 25 59 60 98 69 39 62 61 73  8 90 55 37 49 55 87  4 91 46 58  5 61 94 88 71 65 51 31  1 58 96 65 17 27 73 77 62 49 18 20  3  6 39 35 74 13 17 36 15 24  5  0 

 0 25 97  1 54 19 60 39 76 80  8 60 59 90 31 79 75 96 63 82 34 56 100 47  6 29 51 96 77 94 96 43 86 37 81 52 93 25 29 62 20 12 94 24 34 45 33 30 64 46 65 36 23 24 92 32 41 49 13 55 13 71 84 37 19 94 28  4 26 69 84 10 79 95 27 
25  0 95 16 97  4 98 67 43 65  6 20 71 96 18  3 80 35 89  9 11 13 36 31 15  2 77 44 52 78  6 76 71 23 74 11  6 40 42 37 46 27 18 64 56 63 69 69 67 63 16  5 40 51 32 51 40 25 20 58  8 31 99 49 15 24 44  6  5 23 89 69  3 22 39 
97 95  0 54 61 56 31 31  3 57 10 71 47 66 37 33 39 53 13 75  2 16 86 10 100 37 81 45 33 24 73  7 33 18 50 35 15 49 19 79 89 27 35 76 14 99 45 99 25 46 72 66 49 14 13 30 87 96 10 84 46 32 81 87 77 30  4 60 83 16 81 60 71 28 53 
 1 16 54  0 16 68 24 29 87 35 68 55 90 72 50 56 90 57  4 84 72 54 84 42 67 32 30 44 30 20 21 71 38 50 19 41 66 57 10  3 61 82 41 86 89 34 81 11 12 23 16 61 15 85 85 16 48 40 55 57 67 44 67 60 72 100  2 51 94 77 16 64 97 84 12 
54 97 61 16  0 62 95 94 23 29 98 70 65 37 46 65 48 39 53 24  9 89 59 39 98 100 53 26 84 43 28 33 92 53 94 61 28 35 21 85 44 61 31 63 34 56 90 10 84 41 66 30 31 82 54 64 29 23 95 81 97 18 17 61 99  4 53 66 78 63 60 81 91 69 92 
19  4 56 68 62  0 20  1 87 58 64 36 48 79 39 92 42 98 56 22 17 73 34 66 57 19 23 54 55 95 38 17 12 75 16  2 21 58  4  1 53 60 53 89 80 97 50 59 32 45 39 74  4 43 64 12 49 47 81 71  3 39 13 72 26  2 12 99  9 15  3  6 30 87 41 
60 98 31 24 95 20  0  8  1 87 10  5 54 16 24 19 74 50 55 64 75 31 87 40  1 90 23 23 26 43 47 72 76 24 39 40 49 21 10  8 39  8 50 27 34 41  4  8 69 64 25  1 84  8 55 85 48 31 22 30 57 85 20 73 58 13 32 51 52 38 55 69 94 71 84 
39 67 31 29 94  1  8  0 60 45 68 95 49 71 36 63 88 31 70  6 54 37 32 15 86  4 39 87 53 77 32 45 79 22  4 60 88 29 53 67  8 19 80 28 62 90 23 99 60 82 36 54 41 86 76 83 27 59 32 28 71 25 75 55 78 57 26  2 13  7 33 97 63 83 99 
76 43  3 87 23 87  1 60  0 96 21 73 61 29 10 70 42 68 57 73 52  6 60 17  2 28 92 29 53 17 45 50 61 51 16 65 10 81  1  1 63 49 18 74 32 47 73 95 99 34 99 74 10 27  5 77 86 94 54 76 10 62 79 24 40 33 32  6 81 72 44 81 65 51 16 
80 65 57 35 29 58 87 45 96  0 43 78 20 46 23  6 32 89 40 36 100 70 59 47 40 59 11 86 35 16 46  5 36 88 40 56  9 85 96 62  7 38 19 15  6 55 44  2  6 12 46 43 85 98 24 71 84 42 38 55 12 72 62 92 41 11 60 65 73 35  2 66 14 50 69 
 8  6 10 68 98 64 10 68 21 43  0 35 20 17 70 44 91 84  8 97 90 73 80 57 43 82 46 69 100 54  3 70 23 11  5 85 86 91 99 45 74  4 79  6 34  2  8 48  5 59 32 82 53 93 88 49 66 57 46 18 14 43 93 66 65 10 67 23 10 55  7 45 57 13 63 
60 20 71 55 70 36  5 95 73 78 35  0 100  7 33 14 71 47 81 52 36 43 61 89 100 63 77 98  5 11 11 46 91 44 98 53 64 73 51 61  7 84 31 73 91 98 41 15 72 24 54 46 94 62  5 63 32 97 52 97 85 29 14 11 33  2 70 72 24 96 40  9 83 69 65 
59 71 47 90 65 48 54 49 61 20 20 100  0 47 66 77 68 74 89 67 52  9 23 15 74 14 56 83 59  5 89 63  6 18 46 23 98 19  2 98 92 11 31 13 49 95 87 39 89 15 69 71 59 48 97  3 78 43 10 49 40 63 75 21 98 87 82 58 17 20 83 48 29 77 64 
90 96 66 72 37 79 16 71 29 46 17  7 47  0 32 100 12 16 11 63 44 81 94 63 40 55  5 91 29 90 80 28 57 100 21 79 57 95 46 94 83 87 64 46 33  9 99 72 48 38 74 47 52 55 42 30 75 81 41 76 35 32 98 15 30 14 37 81 84 19 70 18 61 86 56 
31 18 37 50 46 39 24 36 10 23 70 33 66 32  0 32 59 53 73 93 23 48 27 69 37 64 87 86 15 51 32 86 15 52  8 89 54 42 14 48 69 66 72 87  4 10  4 69 71 22 87 19 80 38  1 32 87 98 68  8 95 16 11 87 96 61 79 64 40 80 90 98 36 62 71 
79  3 33 56 65 92 19 63 70  6 44 14 77 100 32  0 78 54 14 30 64 12 31 85 45 39 40 71 41 100 47 62 73 16 93 25 30 70  4 73 42 86 22 30 76 54 77 15  8 41 29 16 38 15 41 88  5 72 53 30 61 46  2 91 78 58 47 38 17 55 37 51 92 77 47 
75 80 39 90 48 42 74 88 42 32 91 71 68 12 59 78  0  5 99 64 19 32 99 30 66 18 32  4 24 100  3 94 82 20 38 71 47 58 79 40 64 38 67 44 35 16 81 34 78 14 95 22 99 71 93 39 35 58 93 96 17 36 48  6 49  2 80 53 41 77  2 10 56 55 91 
96 35 53 57 39 98 50 31 68 89 84 47 74 16 53 54  5  0 64 16 33 17 51 59  4 94 50 67 36 93 56 81 26  4 74 55 84 52 37 90 94 69 93 62  9 71 40 70 35 40 88 84 38 44 80  1 94 12 21 83 90 99 65 45 43 94 89  1 77 14 67 64 87 80 89 
63 89 13  4 53 56 55 70 57 40  8 81 89 11 73 14 99 64  0 27 68 20 36 54 64  6 92 17 26 43 58  7 26 20 57 45 26 90 72 39 13  8 30 29 65 76 81 58 92  2 77 18 40 39 75 96 28 37 41 83 90 71 86 59 41 77 45 89 74 21 55 65 26 88 50 
82  9 75 84 24 22 64  6 73 36 97 52 67 63 93 30 64 16 27  0 58 62 42 87 34 21 57 54 53 72 18 66 51 78 46 57 13 15 19 87 57 63 20 85 83 15 92 60 33 64 95 50 19 78 17 41 99 81 44  6 13  3 82 47 65 74 54 96 23 30 87 48 98 12  2 
34 11  2 72  9 17 75 54 52 100 90 36 52 44 23 64 19 33 68 58  0 83 27 46 71 70 68 33 50 24 100 63 60 13  9 35 29 43 59 16 64 50 24 77 82 83 14 82 99 22 33 15 33 53  2 94 96 97 76 34 77 69 27 90 15 27 79  2 57 72 69 29 81 13 68 
56 13 16 54 89 73 31 37  6 70 73 43  9 81 48 12 32 17 20 62 83  0 82 41 92 53  1 16 69 100 27 42 26 55 14 60 81 63 12  7 37 22 17 13 37 94  1 80  7 17 15 31 65 56  1 49 76 41 50 71 49 12 77 37 50 49 82 60 97 80 20 73  4 96 16 
100 36 86 84 59 34 87 32 60 59 80 61 23 94 27 31 99 51 36 42 27 82  0 29  1 83  7 91 44 43 60 31 54 66 97 28 50 31 20 13 19 54 23 89  4 28 67 63 18 64  7 59 69 64  2 73 94 91 68 91 25 93 11 95 68 55 54 13 14 52 16 80 55 91 63 
47 31 10 42 39 66 40 15 17 47 57 89 15 63 69 85 30 59 54 87 46 41 29  0 100 15 41 71 79 84 65 52 73 79 21 21 90  4 77 43 34 19 31  2 99 69 30 42 53  8 59 85 94 70 49 99 29 33 98 79 50 18 51 21 69 95  7 35 59 53 99 41 57 56 34 
 6 15 100 67 98 57  1 86  2 40 43 100 74 40 37 45 66  4 64 34 71 92  1 100  0 92 45 78 76 76 85 54 52 80 74 12 71 96 40 67 30 28 11 37 43 37 97 78 25 71 48 23 98  5  6 24 84 30 48 71  7 48 83 41 47 23 55 91 15 34 76 63 71  4 79 
29  2 37 32 100 19 90  4 28 59 82 63 14 55 64 39 18 94  6 21 70 53 83 15 92  0 85 88 62 64 78 30 15 48 94 61  9 89 48 66  7 82 17 48 18  1 10 17  7 40 44 47 76 18  4  2 49 76 16 56 53 11 96 23 89 31 51 21 56 91 87 97 17 10 72 
51 77 81 30 53 23 23 39 92 11 46 77 56  5 87 40 32 50 92 57 68  1  7 41 45 85  0 87 42 89 55 73  5 33 86 49 79 43 34 74 83 95 22 52 22 83 25 84 87 47 61 69 36 15 73 85 89 45  5  8 83  9 39 52 92 70  5 94 100 34 67 57 52 43 56 
96 44 45 44 26 54 23 87 29 86 69 98 83 91 86 71  4 67 17 54 33 16 91 71 78 88 87  0 84 66 31 10 87 31 51 42 61  3 38 49 35 10  5 12 24 88 90 29  5 97 34 13 59 77 67 77 20 66 55 50 93 45 24 23 72 97 75 58 89 55 51  4 67 74 16 
77 52 33 30 84 55 26 53 53 35 100  5 59 29 15 41 24 36 26 53 50 69 44 79 76 62 42 84  0  8 88  1  3 90 40 18  1 10 68 32  9 47 74  9 82 26 19 36 11 25 78 68  9 50 81 26 82 32  1 85 28  3 45 66 60 42 38 28 30 49  3 69 31 14 42 
94 78 24 20 43 95 43 77 17 16 54 11  5 90 51 100 100 93 43 72 24 100 43 84 76 64 89 66  8  0  4 60 22 73  7 79  3 62 63 67 31 76 15 31 42 83  9 56 33 23 10 98 94  9 11  6 92 67  1 66 95 84 45 16 52 63 54 87 94 40 21 99 78  6 32 
96  6 73 21 28 38 47 32 45 46  3 11 89 80 32 47  3 56 58 18 100 27 60 65 85 78 55 31 88  4  0 98 37 22 64  9  7 53 62 21 82 72 12 95 93 41 83 72 73 15  3 92 37 32 46 44 91 74 36 61 85 69 50 45  2 42 82 17 79 87 91 37 47 25 64 
43 76  7 71 33 17 72 45 50  5 70 46 63 28 86 62 94 81  7 66 63 42 31 52 54 30 73 10  1 60 98  0 32 51 12 54  4  1 64 84 48 56 100 40 70 61  5 88 64 55  4 33 30 81 39 24 60 51 65 26 76 22  4 16 67 65  7 100 96 15 28 61 23 36 95 
86 71 33 38 92 12 76 79 61 36 23 91  6 57 15 73 82 26 26 51 60 26 54 73 52 15  5 87  3 22 37 32  0 13 40 22 16 85 76 99 26 45 54 45 57  4 41 20 78  1 60 31 64 17  1 32 68 93 71  1 80 36 21  4 41  4 34 20 34 95 85 86 44 78 100 
37 23 18 50 53 75 24 22 51 88 11 44 18 100 52 16 20  4 20 78 13 55 66 79 80 48 33 31 90 73 22 51 13  0 67 42 10 40 70 18 25 50 73 57 65 17 47 91 68 45 35 65  4 10 56 23 56 34 13 54 38 62 67 47 36 90 94  4 15 67 22 73 57 86 77 
81 74 50 19 94 16 39  4 16 40  5 98 46 21  8 93 38 74 57 46  9 14 97 21 74 94 86 51 40  7 64 12 40 67  0 51 38 79 69 69  1  4 13 40 29 11 81 80 69 47 44 54 90 37 59 44 40 22 74 83 22 66 90 69 33 78 69 91 95 67 91 49 79 22 47 
52 11 35 41 61  2 40 60 65 56 85 53 23 79 89 25 71 55 45 57 35 60 28 21 12 61 49 42 18 79  9 54 22 42 51  0 28 25 53 55 77 40 77 80 90 77 25 95 64 24 61 77 28 52 68 61 64 60 59 94 68 100 35 48 73 78  9 87 94 71 19 91 40  1 97 
93  6 15 66 28 21 49 88 10  9 86 64 98 57 54 30 47 84 26 13 29 81 50 90 71  9 79 61  1  3  7  4 16 10 38 28  0  3 76 96 99 82 64 99 11 88 17 53 25 47 47 15 23 30 29 82 30 17 21 69 29 20 95 90  1 12 45 37 81 30 96 85  8 43 20 
25 40 49 57 35 58 21 29 81 85 91 73 19 95 42 70 58 52 90 15 43 63 31  4 96 89 43  3 10 62 53  1 85 40 79 25  3  0 25 45 39 13 46 47 97 99 33 60 31 34  6 49 30 24 88 77 50 95 68 62 57 85 63 38 92 80 68 23 44 77 26 38 88 94 87 
29 42 19 10 21  4 10 53  1 96 99 51  2 46 14  4 79 37 72 19 59 12 20 77 40 48 34 38 68 63 62 64 76 70 69 53 76 25  0 22 29  2 75 35  9 66 50 58 54 93 69 75 91 15 24 63 31 93 77 45 27  8 35 35 64 34 70 25 55  5 56 40 39 93 36 
62 37 79  3 85  1  8 67  1 62 45 61 98 94 48 73 40 90 39 87 16  7 13 43 67 66 74 49 32 67 21 84 99 18 69 55 96 45 22  0 82 94 71 28 84 51 26 13 62 67 88 70 26 65 98 32 91 87 79 71 43 39 96 10 91 93 39 27 83 21 61 78 70 88 14 
20 46 89 61 44 53 39  8 63  7 74  7 92 83 69 42 64 94 13 57 64 37 19 34 30  7 83 35  9 31 82 48 26 25  1 77 99 39 29 82  0 37 56 39 70 100 28 51 16 60 91 66  4 90 41 98 82  1 91 56 96 40  7 79 71 63 44 40 54 61 31 92 27 90 93 
12 27 27 82 61 60  8 19 49 38  4 84 11 87 66 86 38 69  8 63 50 22 54 19 28 82 95 10 47 76 72 56 45 50  4 40 82 13  2 94 37  0 49 33 79 30  9  6 82 93 43 23 55 59 37 60 62 76 38 68 15 16 45 35 13 87  6 76 38 10 93  4 53 51 97 
94 18 35 41 31 53 50 80 18 19 79 31 31 64 72 22 67 93 30 20 24 17 23 31 11 17 22  5 74 15 12 100 54 73 13 77 64 46 75 71 56 49  0 67 84  8 65 84 93 41 69 41  7 44 55 96  6 23 22 22 24 50 53 88 68 68 76 80 15 77 15 24 99 45  7 
24 64 76 86 63 89 27 28 74 15  6 73 13 46 87 30 44 62 29 85 77 13 89  2 37 48 52 12  9 31 95 40 45 57 40 80 99 47 35 28 39 33 67  0 31 75 20 50 21 91 62 27 95 20 53  3 24  3 78 94 44  2 55 28 72 98  4 11 74 75 84 67 24 100 54 
34 56 14 89 34 80 34 62 32  6 34 91 49 33  4 76 35  9 65 83 82 37  4 99 43 18 22 24 82 42 93 70 57 65 29 90 11 97  9 84 70 79 84 31  0 28 65 39 27 39 46 69 39  4 95 64 56 41 42 49 43 79 57  9  2 30 16 69 88  1 55 69 92 38 26 
45 63 99 34 56 97 41 90 47 55  2 98 95  9 10 54 16 71 76 15 83 94 28 69 37  1 83 88 26 83 41 61  4 17 11 77 88 99 66 51 100 30  8 75 28  0  6 49 94 26 100 87 36 96 58 54 39 26 86 60 79 28 98 20 21 54 45 11 78 97 50 66 52 23 48 
33 69 45 81 90 50  4 23 73 44  8 41 87 99  4 77 81 40 81 92 14  1 67 30 97 10 25 90 19  9 83  5 41 47 81 25 17 33 50 26 28  9 65 20 65  6  0 20 29 75 62  5 92 54 86 46  4 78 44  8 25 100 41 99 61 19 91 92 24 37 45 53 22 83 90 
30 69 99 11 10 59  8 99 95  2 48 15 39 72 69 15 34 70 58 60 82 80 63 42 78 17 84 29 36 56 72 88 20 91 80 95 53 60 58 13 51  6 84 50 39 49 20  0 52 55 68 27  8 91 59 79  9  3 55 98 56 45 55  7 65 66 93 44 28  2 16 58 55 23  4 
64 67 25 12 84 32 69 60 99  6  5 72 89 48 71  8 78 35 92 33 99  7 18 53 25  7 87  5 11 33 73 64 78 68 69 64 25 31 54 62 16 82 93 21 27 94 29 52  0 81 70 29 43 73 78 11 91 41 23 27 73 49 99 10 97 98 60 11  7 11 52 19 100 50 41 
46 63 46 23 41 45 64 82 34 12 59 24 15 38 22 41 14 40  2 64 22 17 64  8 71 40 47 97 25 23 15 55  1 45 47 24 47 34 93 67 60 93 41 91 39 26 75 55 81  0 98 79 91 29 77 42 19 54 60 89  4 87 57 89 83  3 66 81 61 97 83 76 86 30 39 
65 16 72 16 66 39 25 36 99 46 32 54 69 74 87 29 95 88 77 95 33 15  7 59 48 44 61 34 78 10  3  4 60 35 44 61 47  6 69 88 91 43 69 62 46 100 62 68 70 98  0 77 79 75 30 78 16 68 22 99 84  2 74 61 76 80 45 40 94 51 65 39 17 94 27 
36  5 66 61 30 74  1 54 74 43 82 46 71 47 19 16 22 84 18 50 15 31 59 85 23 47 69 13 68 98 92 33 31 65 54 77 15 49 75 70 66 23 41 27 69 87  5 27 29 79 77  0  4  7  8 23 42 94 19 100 28  4 27 38 73 79 75 73 82  7 37 53 38 86 34 
23 40 49 15 31  4 84 41 10 85 53 94 59 52 80 38 99 38 40 19 33 65 69 94 98 76 36 59  9 94 37 30 64  4 90 28 23 30 91 26  4 55  7 95 39 36 92  8 43 91 79  4  0 92 22 87  3 96 47 75 86 33 78 79 33 53 34 14 34  5 86 12 72 59 20 
24 51 14 85 82 43  8 86 27 98 93 62 48 55 38 15 71 44 39 78 53 56 64 70  5 18 15 77 50  9 32 81 17 10 37 52 30 24 15 65 90 59 44 20  4 96 54 91 73 29 75  7 92  0 84 81 53 87 82 68 80 76 54 15 50  8 23 26 24 24 74 67 76 55  4 
92 32 13 85 54 64 55 76  5 24 88  5 97 42  1 41 93 80 75 17  2  1  2 49  6  4 73 67 81 11 46 39  1 56 59 68 29 88 24 98 41 37 55 53 95 58 86 59 78 77 30  8 22 84  0 36 13  5 34  8 28  5 65 43 19 92 56 58 77 24  4 89 72 18 92 
32 51 30 16 64 12 85 83 77 71 49 63  3 30 32 88 39  1 96 41 94 49 73 99 24  2 85 77 26  6 44 24 32 23 44 61 82 77 63 32 98 60 96  3 64 54 46 79 11 42 78 23 87 81 36  0 83 47 60 38 85 98  4 15 63 54 82 39 98  3 70 82 48  1 13 
41 40 87 48 29 49 48 27 86 84 66 32 78 75 87  5 35 94 28 99 96 76 94 29 84 49 89 20 82 92 91 60 68 56 40 64 30 50 31 91 82 62  6 24 56 39  4  9 91 19 16 42  3 53 13 83  0 25 71 84 48 98  4 26 24 86 75 99 27  3 52 39 48 98  5 
49 25 96 40 23 47 31 59 94 42 57 97 43 81 98 72 58 12 37 81 97 41 91 33 30 76 45 66 32 67 74 51 93 34 22 60 17 95 93 87  1 76 23  3 41 26 78  3 41 54 68 94 96 87  5 47 25  0 69 16 67 98 25 11 33 35 91 80 25 18 54 73 98 89 26 
13 20 10 55 95 81 22 32 54 38 46 52 10 41 68 53 93 21 41 44 76 50 68 98 48 16  5 55  1  1 36 65 71 13 74 59 21 68 77 79 91 38 22 78 42 86 44 55 23 60 22 19 47 82 34 60 71 69  0 80 37 63 39 11 13 78  1 54 18  5 71 51 48 71 89 
55 58 84 57 81 71 30 28 76 55 18 97 49 76  8 30 96 83 83  6 34 71 91 79 71 56  8 50 85 66 61 26  1 54 83 94 69 62 45 71 56 68 22 94 49 60  8 98 27 89 99 100 75 68  8 38 84 16 80  0 88 89 84 37 43 42 66  5 50  9 71 20 13 18 30 
13  8 46 67 97  3 57 71 10 12 14 85 40 35 95 61 17 90 90 13 77 49 25 50  7 53 83 93 28 95 85 76 80 38 22 68 29 57 27 43 96 15 24 44 43 79 25 56 73  4 84 28 86 80 28 85 48 67 37 88  0 86 64 31 85 49 76  2  1 13 96 70 33 59 41 
71 31 32 44 18 39 85 25 62 72 43 29 63 32 16 46 36 99 71  3 69 12 93 18 48 11  9 45  3 84 69 22 36 62 66 100 20 85  8 39 40 16 50  2 79 28 100 45 49 87  2  4 33 76  5 98 98 98 63 89 86  0 85 85 22 19 77 81 84 48 86 27 17 59 94 
84 99 81 67 17 13 20 75 79 62 93 14 75 98 11  2 48 65 86 82 27 77 11 51 83 96 39 24 45 45 50  4 21 67 90 35 95 63 35 96  7 45 53 55 57 98 41 55 99 57 74 27 78 54 65  4  4 25 39 84 64 85  0 52  8 80 22 15 80 38 86 53  9 11 84 
37 49 87 60 61 72 73 55 24 92 66 11 21 15 87 91  6 45 59 47 90 37 95 21 41 23 52 23 66 16 45 16  4 47 69 48 90 38 35 10 79 35 88 28  9 20 99  7 10 89 61 38 79 15 43 15 26 11 11 37 31 85 52  0 54 13  2 54 21 86 93 72 42 21 60 
19 15 77 72 99 26 58 78 40 41 65 33 98 30 96 78 49 43 41 65 15 50 68 69 47 89 92 72 60 52  2 67 41 36 33 73  1 92 64 91 71 13 68 72  2 21 61 65 97 83 76 73 33 50 19 63 24 33 13 43 85 22  8 54  0 88 55 24 16 63 52 31 43 35 11 
94 24 30 100  4  2 13 57 33 11 10  2 87 14 61 58  2 94 77 74 27 49 55 95 23 31 70 97 42 63 42 65  4 90 78 78 12 80 34 93 63 87 68 98 30 54 19 66 98  3 80 79 53  8 92 54 86 35 78 42 49 19 80 13 88  0 53 24 22 77 72 44  5  4  1 
28 44  4  2 53 12 32 26 32 60 67 70 82 37 79 47 80 89 45 54 79 82 54  7 55 51  5 75 38 54 82  7 34 94 69  9 45 68 70 39 44  6 76  4 16 45 91 93 60 66 45 75 34 23 56 82 75 91  1 66 76 77 22  2 55 53  0 30 10 98 75 43  6 54  3 
 4  6 60 51 66 99 51  2  6 65 23 72 58 81 64 38 53  1 89 96  2 60 13 35 91 21 94 58 28 87 17 100 20  4 91 87 37 23 25 27 40 76 80 11 69 11 92 44 11 81 40 73 14 26 58 39 99 80 54  5  2 81 15 54 24 24 30  0 26 55 43 97 56 53 59 
26  5 83 94 78  9 52 13 81 73 10 24 17 84 40 17 41 77 74 23 57 97 14 59 15 56 100 89 30 94 79 96 34 15 95 94 81 44 55 83 54 38 15 74 88 78 24 28  7 61 94 82 34 24 77 98 27 25 18 50  1 84 80 21 16 22 10 26  0 22 15 52 78 12 81 
69 23 16 77 63 15 38  7 72 35 55 96 20 19 80 55 77 14 21 30 72 80 52 53 34 91 34 55 49 40 87 15 95 67 67 71 30 77  5 21 61 10 77 75  1 97 37  2 11 97 51  7  5 24 24  3  3 18  5  9 13 48 38 86 63 77 98 55 22  0 14 40  9 68 99 
84 89 81 16 60  3 55 33 44  2  7 40 83 70 90 37  2 67 55 87 69 20 16 99 76 87 67 51  3 21 91 28 85 22 91 19 96 26 56 61 31 93 15 84 55 50 45 16 52 83 65 37 86 74  4 70 52 54 71 71 96 86 86 93 52 72 75 43 15 14  0 33 65 94 32 
10 69 60 64 81  6 69 97 81 66 45  9 48 18 98 51 10 64 65 48 29 73 80 41 63 97 57  4 69 99 37 61 86 73 49 91 85 38 40 78 92  4 24 67 69 66 53 58 19 76 39 53 12 67 89 82 39 73 51 20 70 27 53 72 31 44 43 97 52 40 33  0 73 68 36 
79  3 71 97 91 30 94 63 65 14 57 83 29 61 36 92 56 87 26 98 81  4 55 57 71 17 52 67 31 78 47 23 44 57 79 40  8 88 39 70 27 53 99 24 92 52 22 55 100 86 17 38 72 76 72 48 48 98 48 13 33 17  9 42 43  5  6 56 78  9 65 73  0 29 53 
95 22 28 84 69 87 71 83 51 50 13 69 77 86 62 77 55 80 88 12 13 96 91 56  4 10 43 74 14  6 25 36 78 86 22  1 43 94 93 88 90 51 45 100 38 23 83 23 50 30 94 86 59 55 18  1 98 89 71 18 59 59 11 21 35  4 54 53 12 68 94 68 29  0 66 
27 39 53 12 92 41 84 99 16 69 63 65 64 56 71 47 91 89 50  2 68 16 63 34 79 72 56 16 42 32 64 95 100 77 47 97 20 87 36 14 93 97  7 54 26 48 90  4 41 39 27 34 20  4 92 13  5 26 89 30 41 94 84 60 11  1  3 59 81 99 32 36 53 66  0 

 0 20 78 13 59 29 41 39 78 91 17 62 71 75 21 68 67 87 56 81 50 56 87 36  2 29 51 77 73 79 93 17 68 46 80 52 98  9 30 59 20  9 90 35 29 53 51 39 69 63 66 42 28 38 93 25 31 43  6 70 17 78 83 35 29 89 38 13 15 75 65 19 94 97 37 
20  0 93 12 100 11 92 55 15 50 10 12 70 99 34  8 78 11 74 11  6 31 41 24  8  7 79 53 58 92  5 63 82 26 64  1  9 55 42 33 64 16 16 46 61 47 52 83 60 49  4  4 26 50 50 66 65 36 28 71  3 18 100 44 21 28 30 14  7 23 99 69 13 45 52 
78 93  0 77 66 59 25 49 15 31 27 91 48 55 32 51 43 39 24 65  5 32 85 20 93 23 92 51 40 17 74  4 46 31 36 25 19 56  8 74 86 35 63 87 30 90 63 95 35 57 65 74 52  1 20 18 73 85 16 87 48 13 78 99 85 28  9 42 73  5 68 80 75 10 39 
13 12 77  0 20 58  3 25 88 21 79 35 95 87 54 37 77 58  2 80 67 48 99 45 74 35 20 45 43 43 27 71 33 67 26 42 51 84  8 40 59 57 59 81 79 22 80  8 30 11  6 72 18 83 68 37 84 63 46 45 68 53 37 83 70 74  9 62 93 68 13 62 74 57 15 
59 100 66 20  0 38 71 91 16 22 97 72 78 65 40 82 32 22 47 17 12 82 60 30 84 85 41 26 83 38 31  2 89 58 94 50 50 37 10 81 33 50 49 75 43 46 80 11 37 31 66 44 25 87 47 67 18 34 86 86 73 14 17 52 93 10 58 53 76 55 67 89 87 88 68 
29 11 59 58 38  0 25  5 61 51 54 44 48 86 34 91 41 83 57  2 16 89 26 85 59 12 22 31 55 89 32 17 12 66 38 13 33 72  3 10 54 65 58 73 92 79 75 71 30 47 45 53 18 36 78  6 28 58 83 92  2 24 27 48 35 10 13 100 14 14  9  9 35 98 37 
41 92 25  3 71 25  0 16 20 90 24  5 26 26 21  5 73 49 33 75 69 13 82 56  7 74  3 25 27 46 61 52 96 20 35 31 46 46 20 21 41 22 18 36 55 52  2 19 82 44 36  7 89  1 66 73 47 70 36 24 49 82 30 63 78 37 28 29 43 34 73 73 87 70 73 
39 55 49 25 91  5 16  0 47 24 61 99 40 66 18 82 79 41 81 15 43 45 53 26 73 11 31 91 58 58 33 38 84  3  6 84 96 27 31 59 26 14 86 21 51 67 15 100 58 86 25 72 72 62 91 89 39 47 43 35 39 32 66 55 74 75 48  4 20 26 24 100 34 96 87 
78 15 15 88 16 61 20 47  0 95  3 78 44 18  2 52 40 56 65 73 62  5 80 23 12 16 97 34 73 32 55 39 59 59 29 50 16 96  4  6 61 55 10 73 19 28 71 91 100 25 98 70 25 51 22 65 96 87 65 88 10 72 60 22 35 24 39 13 67 63 45 91 66 70 23 
91 50 31 21 22 51 90 24 95  0 58 83 47 50 41 24 41 85 55 24 97 78 60 30 43 60 23 74 46 23 61  5 50 65 39 48 16 89 100 74 16 19 24  6 19 63 49  7 14 29 44 50 79 89 29 60 96 31 47 58 11 73 61 71 27 12 46 71 62 45 10 77 12 51 67 
17 10 27 79 97 54 24 61  3 58  0 12 13 30 74 53 100 90 18 80 76 71 61 63 41 62 47 59 99 24 14 82  8 21 18 85 100 86 70 59 83 13 74 13 10 26 30 69 16 49 24 66 41 87 74 43 84 58 52 24 27 27 98 63 55  1 83 27 20 58 28 23 59 21 44 
62 12 91 35 72 44  5 99 78 83 12  0 82  1 27 38 79 52 76 47 24 55 64 87 90 87 68 94  4 29 14 53 74 28 98 31 73 62 79 82 14 94 46 74 81 100 40  1 80 49 47 69 87 63  6 50 40 83 53 92 90 34 40  5  6 17 48 74 36 85 52 16 90 84 74 
71 70 48 95 78 48 26 40 44 47 13 82  0 35 42 78 50 68 98 96 67  8 32 33 76 24 33 83 60 10 100 65 17  2 17 34 100 13 11 95 93 28 24 25 72 89 60 48 96 15 59 84 90 53 97  9 64 24 30 75 51 49 61 19 89 87 97 70 14 43 73 55 37 67 49 
75 99 55 87 65 86 26 66 18 50 30  1 35  0 53 91 20 11 12 63 35 71 93 61 49 48  3 81 44 78 61 12 69 81 30 88 77 89 25 84 95 93 87 55 47  8 94 64 40 36 77 58 69 44 64 11 88 85 43 87 36 51 82 16 33 14 17 75 78  5 65 14 63 85 37 
21 34 32 54 40 34 21 18  2 41 74 27 42 53  0 53 65 65 80 87 27 66 11 97 48 44 86 82  2 35 26 93 17 53  6 97 58 24 12 34 72 80 80 94  4 11  5 67 59 15 91 16 69  6  1  6 76 97 55 15 100 13 13 82 86 79 77 76 29 76 85 99 40 53 70 
68  8 51 37 82 91  5 82 52 24 53 38 78 91 53  0 76 57 15 27 74  1 33 88 77 57 51 83 35 74 58 56 70 36 90 16 47 60 20 65 32 96 30 54 75 67 66  5 11 23 16 15 43 38 25 95 16 75 29 37 61 45 15 82 85 61 76 10 29 56 36 72 85 57 47 
67 78 43 77 32 41 73 79 40 41 100 79 50 20 65 76  0 10 97 72 16 36 75 17 59 24 46  8 22 100 29 85 82 18 46 73 58 62 82 54 67 40 68 49 53 16 76 30 85 27 79 39 99 57 89 46 44 71 88 80 15 51 94 33 48 36 85 46 39 88 19 57 88 72 81 
87 11 39 58 22 83 49 41 56 85 90 52 68 11 65 57 10  0 41 21 37  8 65 64  5 70 49 57 30 81 35 72 22  7 94 63 79 53 42 87 78 61 88 56 20 87 30 53 51 35 86 72 36 37 66 11 72 12 29 68 78 87 76 64 63 85 68 10 88 37 58 70 84 72 87 
56 74 24  2 47 57 33 81 65 55 18 76 98 12 80 15 97 41  0 45 63 38 54 44 75 17 97 18 29 40 63 23 12 30 56 34 49 70 79 50 26  2 43 25 59 53 69 53 76  2 90 15 26 31 76 94 40  8 38 99 75 81 74 59  8 87 29 88 71 28 59 49 29 72 63 
81 11 65 80 17  2 75 15 73 24 80 47 96 63 87 27 72 21 45  0 59 45 39 65 37 42 57 82 55 87  6 52 44 85 63 70  5 13 25 79 54 73 44 71 88 14 97 72 25 64 81 39 19 94 20 40 99 55 69  7 10  1 64 29 76 82 48 83 18 26 83 43 82 12  2 
50  6  5 67 12 16 69 43 62 97 76 24 67 35 27 74 16 37 63 59  0 90 16 34 81 74 66 54 35 48 94 58 35 18 11 31 22 48 72  2 57 49 20 66 82 81 17 73 85 19 35  6 28 37  6 73 91 78 54 24 65 88 41 87 33 29 88 20 41 80 66 49 82 13 60 
56 31 32 48 82 89 13 45  5 78 71 55  8 71 66  1 36  8 38 45 90  0 93 35 80 66  1 12 61 86 22 43 24 23 16 88 87 68  6  5 32 14  3  5 15 100 33 86 37  4 19 27 79 64  5 52 83 37 50 69 60 25 82 39 28 49 82 38 97 93 26 61  6 84 41 
87 41 85 99 60 26 82 53 80 60 61 64 32 93 11 33 75 65 54 39 16 93  0 16  1 71  9 82 27 53 25 37 63 65 95 12 43 38  1 12 43 49 13 100 14 21 82 86 12 35 29 65 52 55  4 98 98 87 84 74 22 96  1 85 74 45 52 19  6 49 14 79 47 99 69 
36 24 20 45 30 85 56 26 23 30 63 87 33 61 97 88 17 64 44 65 34 35 16  0 93 14 53 77 84 95 79 46 66 83 24 36 84 34 57 34 25 32 24  5 83 73 16 52 42 10 52 97 100 65 48 91 39 51 68 78 36 42 45 13 59 91 27 32 87 46 83 60 57 29 32 
 2  8 93 74 84 59  7 73 12 43 41 90 76 49 48 77 59  5 75 37 81 80  1 93  0 77 32 92 89 55 77 51 49 83 78 27 85 93 58 73 50 22 18 52 53 38 78 87 19 77 50 37 90 31  7 10 77 24 67 74 26 36 74 41 26 53 64 80 17 21 94 87 76 17 93 
29  7 23 35 85 12 74 11 16 60 62 87 24 48 44 57 24 70 17 42 74 66 71 14 77  0 74 77 69 66 92 34 21 54 84 52 14 90 28 59 18 87 16 54 15  5  3 17 18 25 45 46 61 48 25  7 55 72  6 53 46 10 98 24 92 25 75 28 45 96 87 66 39 13 95 
51 79 92 20 41 22  3 31 97 23 47 68 33  3 86 51 46 49 97 57 66  1  9 53 32 74  0 77 22 86 70 64 34 34 69 33 63 24 23 69 81 91 21 55 20 79 17 63 100 55 27 53 33 31 79 70 79 39 14 24 75 10 22 38 96 80  1 86 99 21 66 39 49 42 49 
77 53 51 45 26 31 25 91 34 74 59 94 83 81 82 83  8 57 18 82 54 12 82 77 92 77 77  0 64 67 32 31 80 22 56 46 62 26 37 73  3 23 10 15 26 68 87 36  1 97 42 16 62 71 64 77 23 47 71 64 90 51 18 31 61 97 81 60 81 35 38 15 58 83  4 
73 58 40 43 83 55 27 58 73 46 99  4 60 44  2 35 22 30 29 55 35 61 27 84 89 69 22 64  0 22 75  1 21 68 47 10  7 18 71 32  8 44 65 19 83 34  2 32  3  7 80 85 13 29 65 17 61 41  3 83 14 16 57 65 72 52 36 37 39 51 13 76 53 19 20 
79 92 17 43 38 89 46 58 32 23 24 29 10 78 35 74 100 81 40 87 48 86 53 95 55 66 86 67 22  0 10 63 16 52 37 63  3 80 85 58 34 96 29  9 52 57 22 64 25 29 12 97 98 13 18 20 74 50  7 73 90 90 51 28 47 52 76 92 68 49 10 81 69  4 30 
93  5 74 27 31 32 61 33 55 61 14 14 100 61 26 58 29 35 63  6 94 22 25 79 77 92 70 32 75 10  0 92 40 36 89  9 17 58 41  2 75 65 10 79 79 47 89 78 81 33 13 68 44 64 50 46 96 74 51 72 75 73 56 41  9 21 94 23 69 80 68 24 41 22 71 
17 63  4 71  2 17 52 38 39  5 82 53 65 12 93 56 85 72 23 52 58 43 37 46 51 34 64 31  1 63 92  0 33 55  6 19 29 19 51 97 33 63 99 31 66 88 12 85 60 85 14 33 12 68 52 36 57 59 61 21 72 19  3 26 72 79 27 96 94 26 22 65 23 34 81 
68 82 46 33 89 12 96 84 59 50  8 74 17 69 17 70 82 22 12 44 35 24 63 66 49 21 34 80 21 16 40 33  0 17 20 34 11 90 97 94  4 35 68 20 57  1 53 22 89  6 56 42 65  3  6 55 74 99 87 12 61 18 43 16 60 12 46 28 40 90 85 78 35 78 100 
46 26 31 67 58 66 20  3 59 65 21 28  2 81 53 36 18  7 30 85 18 23 65 83 83 54 34 22 68 52 36 55 17  0 65 59  5 35 63  6 30 43 70 52 52  4 59 94 68 58 36 70  8 14 68 38 52 15 17 85 34 68 48 34 45 100 83 27 30 50 26 68 73 92 80 
80 64 36 26 94 38 35  6 29 39 18 98 17 30  6 90 46 94 56 63 11 16 95 24 78 84 69 56 47 37 89  6 20 65  0 36 42 57 65 53 11 25 11 62 19 36 87 80 67 38 29 62 84 38 76 30 27  2 70 85 45 62 66 81 62 77 91 81 83 77 86 63 67 27 46 
52  1 25 42 50 13 31 84 50 48 85 31 34 88 97 16 73 63 34 70 31 88 12 36 27 52 33 46 10 63  9 19 34 59 36  0 33 24 51 63 66 41 79 80 94 81 30 96 61 20 56 70 19 67 65 62 66 79 65 98 61 97 22 55 94 59 11 86 100 59 27 85 37  7 98 
98  9 19 51 50 33 46 96 16 16 100 73 100 77 58 47 58 79 49  5 22 87 43 84 85 14 63 62  7  3 17 29 11  5 42 33  0  7 93 100 78 93 72 95  6 73 25 82 13 62 22 17  1 25 21 91 36 28 18 84 40 17 93 96  2 12 59 34 73 25 80 74 23 37  2 
 9 55 56 84 37 72 46 27 96 89 86 62 13 89 24 60 62 53 70 13 48 68 38 34 93 90 24 26 18 80 58 19 90 35 57 24  7  0 21 58 35 17 44 54 93 73 19 51 46 39  8 63 27 17 93 89 23 86 68 77 66 91 64 39 84 65 48 23 38 67 22 39 94 99 74 
30 42  8  8 10  3 20 31  4 100 70 79 11 25 12 20 82 42 79 25 72  6  1 57 58 28 23 37 71 85 41 51 97 63 65 51 93 21  0 35 32  1 62 37 24 94 55 58 52 71 64 96 82 22 28 58 18 80 76 43 18 19 44 42 51 35 75 29 60  4 72 20 58 91 27 
59 33 74 40 81 10 21 59  6 74 59 82 95 84 34 65 54 87 50 79  2  5 12 34 73 59 69 73 32 58  2 97 94  6 53 63 100 58 35  0 85 89 79 13 93 48 17 28 57 69 99 64  9 49 96 17 84 72 71 76 48  7 71 22 95 95 46 44 58 46 77 81 79 86 13 
20 64 86 59 33 54 41 26 61 16 83 14 93 95 72 32 67 78 26 54 57 32 43 25 50 18 81  3  8 34 75 33  4 30 11 66 78 35 32 85  0 28 78 39 81 93 34 37 23 37 86 69 19 85 39 99 77  7 80 49 84 70 15 59 90 78 39 47 44 59 45 91 30 75 90 
 9 16 35 57 50 65 22 14 55 19 13 94 28 93 80 96 40 61  2 73 49 14 49 32 22 87 91 23 44 96 65 63 35 43 25 41 93 17  1 89 28  0 26  1 87 39  9  9 86 79 41 33 42 44 23 89 86 90 37 28 23 16 54 46 18 90  8 48 32 18 91 18 62 47 95 
90 16 63 59 49 58 18 86 10 24 74 46 24 87 80 30 68 88 43 44 20  3 13 24 18 16 21 10 65 29 10 99 68 70 11 79 72 44 62 79 78 26  0 81 73 18 59 74 98 20 76 37 10 50 58 95  5 47 16 28 32 60 55 87 49 65 75 65  3 83  8 49 83 45 18 
35 46 87 81 75 73 36 21 73  6 13 74 25 55 94 54 49 56 25 71 66  5 100  5 52 54 55 15 19  9 79 31 20 52 62 80 95 54 37 13 39  1 81  0 34 70 27 22 24 90 62 23 88 28 74 18  5 16 76 86 34 25 57 56 74 78  9 19 55 94 86 60 45 99 51 
29 61 30 79 43 92 55 51 19 19 10 81 72 47  4 75 53 20 59 88 82 15 14 83 53 15 20 26 83 52 79 66 57 52 19 94  6 93 24 93 81 87 73 34  0 34 87 47 41 36 36 85 45 25 98 78 39 48 52 55 41 58 52  3 33 36 17 62 89 13 49 69 75 58 35 
53 47 90 22 46 79 52 67 28 63 26 100 89  8 11 67 16 87 53 14 81 100 21 73 38  5 79 68 34 57 47 88  1  4 36 81 73 73 94 48 93 39 18 70 34  0 20 41 78 34 95 83 11 79 63 57 56 28 58 80 66 15 85 22 10 43 30  8 78 82 37 61 56 29 64 
51 52 63 80 80 75  2 15 71 49 30 40 60 94  5 66 76 30 69 97 17 33 82 16 78  3 17 87  2 22 89 12 53 59 87 30 25 19 55 17 34  9 59 27 87 20  0 15 34 75 83 14 87 62 86 51 13 98 29 21 47 84 28 87 46 37 77 78 10  9 67 67 29 76 81 
39 83 95  8 11 71 19 100 91  7 69  1 48 64 67  5 30 53 53 72 73 86 86 52 87 17 63 36 32 64 78 85 22 94 80 96 82 51 58 28 37  9 74 22 47 41 15  0 46 56 75 30 17 73 58 86  3  5 40 91 70 40 26 20 65 41 91 59 36 17 34 76 41 34 13 
69 60 35 30 37 30 82 58 100 14 16 80 96 40 59 11 85 51 76 25 85 37 12 42 19 18 100  1  3 25 81 60 89 68 67 61 13 46 52 57 23 86 98 24 41 78 34 46  0 90 80  5 63 74 57 19 77 48 25 19 69 43 95 20 87 93 75 10 11  7 62 28 100 65 45 
63 49 57 11 31 47 44 86 25 29 49 49 15 36 15 23 27 35  2 64 19  4 35 10 77 25 55 97  7 29 33 85  6 58 38 20 62 39 71 69 37 79 20 90 36 34 75 56 90  0 78 81 95 28 90 19 20 53 62 82 21 81 54 88 77 14 70 77 79 84 89 80 90 26 21 
66  4 65  6 66 45 36 25 98 44 24 47 59 77 91 16 79 86 90 81 35 19 29 52 50 45 27 42 80 12 13 14 56 36 29 56 22  8 64 99 86 41 76 62 36 95 83 75 80 78  0 76 85 73 31 63 14 85  1 95 90 15 87 49 81 90 55 53 98 42 52 28 19 92 36 
42  4 74 72 44 53  7 72 70 50 66 69 84 58 16 15 39 72 15 39  6 27 65 97 37 46 53 16 85 97 68 33 42 70 62 70 17 63 96 64 69 33 37 23 85 83 14 30  5 81 76  0 22  6 11 19 31 94 24 93 33 10 25 53 68 74 79 83 91 19 29 65 39 95 30 
28 26 52 18 25 18 89 72 25 79 41 87 90 69 69 43 99 36 26 19 28 79 52 100 90 61 33 62 13 98 44 12 65  8 84 19  1 27 82  9 19 42 10 88 45 11 87 17 63 95 85 22  0 82 29 80  3 94 28 78 82 25 81 83 58 46 42 15 35 30 78  7 51 62  9 
38 50  1 83 87 36  1 62 51 89 87 63 53 44  6 38 57 37 31 94 37 64 55 65 31 48 31 71 29 13 64 68  3 14 38 67 25 17 22 49 85 44 50 28 25 79 62 73 74 28 73  6 82  0 81 63 48 100 87 88 70 76 59 30 50  7 32 27  1 21 77 70 73 54 16 
93 50 20 68 47 78 66 91 22 29 74  6 97 64  1 25 89 66 76 20  6  5  4 48  7 25 79 64 65 18 50 52  6 68 76 65 21 93 28 96 39 23 58 74 98 63 86 58 57 90 31 11 29 81  0 26  5 19 34  9 42 19 77 34 16 89 46 70 98 14  9 100 94 26 70 
25 66 18 37 67  6 73 89 65 60 43 50  9 11  6 95 46 11 94 40 73 52 98 91 10  7 70 77 17 20 46 36 55 38 30 62 91 89 58 17 99 89 95 18 78 57 51 86 19 19 63 19 80 63 26  0 60 48 42 17 85 84 23  7 60 54 78 55 93  3 77 91 29 17 57 
31 65 73 84 18 28 47 39 96 96 84 40 64 88 76 16 44 72 40 99 91 83 98 39 77 55 79 23 61 74 96 57 74 52 27 66 36 23 18 84 77 86  5  5 39 56 13  3 77 20 14 31  3 48  5 60  0 13 75 79 43 91  4 26 16 99 55 83 41 14 61 50 52 95  1 
43 36 85 63 34 58 70 47 87 31 58 83 24 85 97 75 71 12  8 55 78 37 87 51 24 72 39 47 41 50 74 59 99 15  2 79 28 86 80 72  7 90 47 16 48 28 98  5 48 53 85 94 94 100 19 48 13  0 47 20 80 93 32  5 36 63 74 96 19 27 51 42 75 78 28 
 6 28 16 46 86 83 36 43 65 47 52 53 30 43 55 29 88 29 38 69 54 50 84 68 67  6 14 71  3  7 51 61 87 17 70 65 18 68 76 71 80 37 16 76 52 58 29 40 25 62  1 24 28 87 34 42 75 47  0 56 11 69 43  7 19 81 13 61 29 25 49 33 41 80 71 
70 71 87 45 86 92 24 35 88 58 24 92 75 87 15 37 80 68 99  7 24 69 74 78 74 53 24 64 83 73 72 21 12 85 85 98 84 77 43 76 49 28 28 86 55 80 21 91 19 82 95 93 78 88  9 17 79 20 56  0 98 62 79 22 41 40 57 13 22 39 74 15 16 12 39 
17  3 48 68 73  2 49 39 10 11 27 90 51 36 100 61 15 78 75 10 65 60 22 36 26 46 75 90 14 90 75 72 61 34 45 61 40 66 18 48 84 23 32 34 41 66 47 70 69 21 90 33 82 70 42 85 43 80 11 98  0 85 71 21 84 33 80 15 21 16 79 61  3 19 34 
78 18 13 53 14 24 82 32 72 73 27 34 49 51 13 45 51 87 81  1 88 25 96 42 36 10 10 51 16 90 73 19 18 68 62 97 17 91 19  7 70 16 60 25 58 15 84 40 43 81 15 10 25 76 19 84 91 93 69 62 85  0 78 77 29  2 66 86 80 53 76 11  6 47 69 
83 100 78 37 17 27 30 66 60 61 98 40 61 82 13 15 94 76 74 64 41 82  1 45 74 98 22 18 57 51 56  3 43 48 66 22 93 64 44 71 15 54 55 57 52 85 28 26 95 54 87 25 81 59 77 23  4 32 43 79 71 78  0 73  2 91  4 11 73 44 90 57 14  7 91 
35 44 99 83 52 48 63 55 22 71 63  5 19 16 82 82 33 64 59 29 87 39 85 13 41 24 38 31 65 28 41 26 16 34 81 55 96 39 42 22 59 46 87 56  3 22 87 20 20 88 49 53 83 30 34  7 26  5  7 22 21 77 73  0 53 11  8 63  8 78 86 82 57 14 67 
29 21 85 70 93 35 78 74 35 27 55  6 89 33 86 85 48 63  8 76 33 28 74 59 26 92 96 61 72 47  9 72 60 45 62 94  2 84 51 95 90 18 49 74 33 10 46 65 87 77 81 68 58 50 16 60 16 36 19 41 84 29  2 53  0 97 62 42 49 44 68 36 67 37 13 
89 28 28 74 10 10 37 75 24 12  1 17 87 14 79 61 36 85 87 82 29 49 45 91 53 25 80 97 52 52 21 79 12 100 77 59 12 65 35 95 78 90 65 78 36 43 37 41 93 14 90 74 46  7 89 54 99 63 81 40 33  2 91 11 97  0 49 13 50 66 64 68 10  6  9 
38 30  9  9 58 13 28 48 39 46 83 48 97 17 77 76 85 68 29 48 88 82 52 27 64 75  1 81 36 76 94 27 46 83 91 11 59 48 75 46 39  8 75  9 17 30 77 91 75 70 55 79 42 32 46 78 55 74 13 57 80 66  4  8 62 49  0 29 11 92 66 34 21 47  6 
13 14 42 62 53 100 29  4 13 71 27 74 70 75 76 10 46 10 88 83 20 38 19 32 80 28 86 60 37 92 23 96 28 27 81 86 34 23 29 44 47 48 65 19 62  8 78 59 10 77 53 83 15 27 70 55 83 96 61 13 15 86 11 63 42 13 29  0 40 56 42 74 55 19 63 
15  7 73 93 76 14 43 20 67 62 20 36 14 78 29 29 39 88 71 18 41 97  6 87 17 45 99 81 39 68 69 94 40 30 83 100 73 38 60 58 44 32  3 55 89 78 10 36 11 79 98 91 35  1 98 93 41 19 29 22 21 80 73  8 49 50 11 40  0 33 33 64 72 49 86 
75 23  5 68 55 14 34 26 63 45 58 85 43  5 76 56 88 37 28 26 80 93 49 46 21 96 21 35 51 49 80 26 90 50 77 59 25 67  4 46 59 18 83 94 13 82  9 17  7 84 42 19 30 21 14  3 14 27 25 39 16 53 44 78 44 66 92 56 33  0 15 79 16 69 84 
65 99 68 13 67  9 73 24 45 10 28 52 73 65 85 36 19 58 59 83 66 26 14 83 94 87 66 38 13 10 68 22 85 26 86 27 80 22 72 77 45 91  8 86 49 37 67 34 62 89 52 29 78 77  9 77 61 51 49 74 79 76 90 86 68 64 66 42 33 15  0  8 60 74 20 
19 69 80 62 89  9 73 100 91 77 23 16 55 14 99 72 57 70 49 43 49 61 79 60 87 66 39 15 76 81 24 65 78 68 63 85 74 39 20 81 91 18 49 60 69 61 67 76 28 80 28 65  7 70 100 91 50 42 33 15 61 11 57 82 36 68 34 74 64 79  8  0 44 44 36 
94 13 75 74 87 35 87 34 66 12 59 90 37 63 40 85 88 84 29 82 82  6 47 57 76 39 49 58 53 69 41 23 35 73 67 37 23 94 58 79 30 62 83 45 75 56 29 41 100 90 19 39 51 73 94 29 52 75 41 16  3  6 14 57 67 10 21 55 72 16 60 44  0 16 70 
97 45 10 57 88 98 70 96 70 51 21 84 67 85 53 57 72 72 72 12 13 84 99 29 17 13 42 83 19  4 22 34 78 92 27  7 37 99 91 86 75 47 45 99 58 29 76 34 65 26 92 95 62 54 26 17 95 78 80 12 19 47  7 14 37  6 47 19 49 69 74 44 16  0 63 
37 52 39 15 68 37 73 87 23 67 44 74 49 37 70 47 81 87 63  2 60 41 69 32 93 95 49  4 20 30 71 81 100 80 46 98  2 74 27 13 90 95 18 51 35 64 81 13 45 21 36 30  9 16 70 57  1 28 71 39 34 69 91 67 13  9  6 63 86 84 20 36 70 63  0 
